-0.793637538173072,-1.816456365549025,1.5267861047264921,-0.0571110252384697,-1.1086705194078714,-2.7291508139752607,1.8856456564647754,1.5545441767320791,0.2395140164351528,0.10218466105779482,-1.2881414990815254,-2.9578409234906378,-1.4331716791000302,-1.1327560474455134,-0.33832260191590785,0.28188810358166616,1.8916294504447995,1.583795776423857,0.3546147862146999,-2.638277622664661,2.98273607104262,1.2894208202798143,-1.070620309522637,-1.3202833256527324,1.1615771705242863,0.0401599708300783,1.8658289338820222,0.8687753738293149,0.030185563318768344,2.4900355627673356,2.632734317288408,1.8709807074170492,-2.967698100119426,1.1578280638930152,1.5254650787259678,0.8856232482621511,1.6278984475510982,-2.1925819851449244,-0.6005194008207966,-1.2962383805964413,-1.778021202739202,-0.4245822027597674,1.3848278038499815,0.9183159992240835,-0.41344048628512275,2.024744229523323,0.9836325210475396,-0.7876345569226428
numHidden 	5
numGenes 	48
minGene 	-3.0
maxGene 	3.0
popSize 	40
maxEvaluations 	2000
mutateRate 	0.05
mutateChange 	0.05
seed 	1523686601003
random 	java.util.Random@3117fbf5
neuralNetworkClass 	class coursework.ExampleEvolutionaryAlgorithm
Training Set Training
Fitness 0.156147086582875