0.15407093782510894,-2.3527456936226345,2.597517826629213,-2.96956986862288,2.9591155414796,-1.4428049134100656,0.9441432893052705,1.8144394462924773,-3.17862343563523,2.7453206359697067,0.24900038441373595,-2.469454943148467,1.4909057024993002,2.740337146460258,2.5898474995342387,-1.6886873405675153,-0.48244498679169256,0.35306069081995906,-0.6183506233324636,2.698311477259784,-1.791652193796971,-2.1970241687039778,-0.753929923974224,-1.4905132993421129,-0.1713306526958699,-2.7759743901629985,-0.04044242142043897,-0.2597217028379736,-2.747726405824722,-1.4358420053060872,2.5681448586914333,2.0152148005061385,-1.6936854604873781,-0.6442855677993226,0.1794153780621306,2.0060727338158837,2.0304626447484733,-0.9936685638805963,0.3934039280388225,-2.8068895871883637,1.5971208901600642,0.23454647715515198,0.9296425882556668,-2.819450114877804,1.3889000759033503,0.7783934889591171,1.4044536425439884,0.6020627074194853
numHidden 	5
numGenes 	48
minGene 	-3.0
maxGene 	3.0
popSize 	100
maxEvaluations 	20000
mutateRate 	0.12
mutateChange 	0.35
seed 	1523907917346
random 	java.util.Random@7eda2dbb
neuralNetworkClass 	class coursework.ExampleEvolutionaryAlgorithm
Training Set Training
Fitness 0.04203199254743194