1.257093271219075,1.716330458597139,-1.2514309005945672,-2.3981204929431894,-1.0319014868715328,2.490750004523534,0.661164312508252,1.9989233465669116,0.6739525388175265,-1.132907856979774,0.7315426616393199,-2.050867872384637,-0.16799802158743554,0.9453048868187972,-0.1386750937862109,-2.2487739287641313,-0.9668177586795066,-1.51297596485957,2.303707097007951,0.8123426897707908,2.6671591872006726,1.3933668128247358,-1.8908694597624294,-1.7668661307924687,1.8296031423087813,-1.8349962537866602,-2.90801622646274,-0.055970333381522686,0.5933601752135065,0.4485986077512649,0.7164696928204677,0.4653170677925278,2.1898953006044763,1.9576883512400922,-2.8818719850343664,-0.4085923231443056,0.959491109824278,-2.122437236688159,-1.716633152081558,-1.2850901916644673,-2.8717043541434863,-2.177313476030656,0.7527107268340647,1.8588513476739283,0.8074219301350016,1.5616887914919966,-2.355663463497808,-2.474364315145767
numHidden 	5
numGenes 	48
minGene 	-3.0
maxGene 	3.0
popSize 	10
maxEvaluations 	100
mutateRate 	0.05
mutateChange 	0.05
seed 	1523821210295
random 	java.util.Random@24808bce
neuralNetworkClass 	class coursework.ExampleEvolutionaryAlgorithm
Training Set Training
Fitness 0.30465416409011054