-1.476048137830595,-3.065886021361967,2.6229415778036733,0.9703247402774265,0.5962268046828171,-0.044729456474789875,-2.950304163894898,-0.31088020388583626,3.669040838347959,-2.4919158463821245,-0.8300039512237855,2.1579441502336123,2.683091416586571,1.4250478313578294,0.327924106886913,2.418076386666252,1.5130679850006898,0.9507016784512645,3.2524693233474284,0.653957736115359,-3.1680286996399905,0.3656143079732388,1.2336930005967979,-2.6994854177844028,-0.3071270239155065,-0.7865491301310713,-2.007905767207576,-0.28633923914586756,0.07851581021308185,-1.0871314485768306,1.0708458319117802,-0.29638254178730483,0.3775547146421383,-0.993526332200899,-1.5384527455514072,0.5578889288021723,2.3683422155094633,1.7590850017213366,-3.2156008869117962,-0.28647246060276965,-4.2305236826474975,3.892430297831345,0.2565537221327444,1.9655896192013258,-2.3106130997342573,0.8563081975510282,0.9244213436749099,-1.0901067386104628
numHidden 	5
numGenes 	48
minGene 	-3.0
maxGene 	3.0
popSize 	100
maxEvaluations 	20000
mutateRate 	0.12
mutateChange 	0.35
seed 	1523900891248
random 	java.util.Random@7eda2dbb
neuralNetworkClass 	class coursework.ExampleEvolutionaryAlgorithm
Training Set Training
Fitness 0.05866496107922198