-0.5026854006638916,0.36949565739778323,-1.8470980413970999,0.8592990331750953,0.13669993976118,0.933163767371661,0.12869735877179,-1.2459032146007232,0.7039260089668422,1.069445829551802,-0.7285498081272573,-0.8355564084380139,1.232093023552278,0.013690738298474336,0.44956070705277906,-0.9601025479463604,-1.2752549705846765,0.11384875091704838,0.8166181423873662,0.5636096703155625,-0.4843821324448163,0.6656431827130865,-1.5076411801858391,0.5463221876102862,0.28241126915034576,0.44188719626094985,1.3164287664764411,-0.6496256457213663,0.03921488502662629,1.2935561674044513,0.7488756027333391,0.7948947580851754,0.7487108482955874,0.2947397513255493,1.5919085388106926,-1.3284209285807567,-0.4043791639686769,-1.145592447695607,-0.12892174543594426,0.11378744946325758,-0.294263644855314,-0.2932309887550173,0.21900368570268847,-0.8964078812889285,0.8030734096227179,0.7033349072190872,-0.20577334689939963,-0.15601489452746886,0.36839608173950233,0.4536165262117564,-0.23027253878011744,-1.1714665011851713,-0.5544428663451649,-0.40227312343702826,-0.009911008900804319,-0.09165185760591732,1.0878063457084077,0.9429762070823671,-0.17675119654358695,-0.0636907323290491,-0.455579466787272,0.4578818084907623,0.07223219271863224,0.26107146284920446,-1.2412876608056682,-1.1091585303448515,-0.7857870498561991,0.598447716107717,0.6316783439578557,0.8670462188588519,-0.4012996103520956,-0.4246490010581033,1.2012496012606455,0.7660382000385829,0.5136057318716574,-0.42845032908864755,0.6953108059959432,-0.9563542724974196,0.017393193818412533,-0.9229289767052099,-0.41264115653768674,-0.9141431769281992,-0.36252577768558636,-0.5618341956982922,-0.1331279286745246,-0.5314790968498027,-0.3005429094280361,0.5323242712811895,-0.767833104477354,0.5455949154655673,0.4788166111245967,0.19291280512639863,-0.1575489237586627
numHidden 	10
numGenes 	93
minGene 	-1.0
maxGene 	1.0
popSize 	100
maxEvaluations 	20000
mutateRate 	0.12
mutateChange 	0.35
seed 	1523902814796
random 	java.util.Random@7eda2dbb
neuralNetworkClass 	class coursework.ExampleEvolutionaryAlgorithm
Training Set Training
Fitness 0.026261404657945478