-0.08625375224746268,2.7091787751769423,0.30017519181593655,-3.44417531304925,-1.6022097862441012,-1.2559057063519923,0.715419657390026,-0.8347709948510257,-2.9494370509033403,4.021549297711049,-0.6429581429590386,1.7443581237463905,-1.8782004836792585,1.1457771065443616,-3.3055696614697507,-1.2651664980216404,2.4713981671791885,-3.4916917437863417,0.1429210586206553,1.5499165273527868,-3.2806649488766606,2.4631246573639074,0.5893538940268618,-1.6519341559832652,-1.4875142625530273,0.4135903079303451,-0.6040809905683276,-9.745387460281529E-4,-1.4859318590829593,-1.9466203797023476,1.578176071704735,-0.6548533037214987,0.2629514412733379,2.8325953601115357,-0.7070689024935889,0.614490431642188,-0.359908671767563,1.5703422960286857,-2.4742856998295615,-2.395674143040522,-1.2273025562195108,-0.23456638223528914,-0.9494266061460133,-3.8868132229936414,2.0623313508010592,-2.2066534961795305,1.1396761957420019,2.1730612700930845
numHidden 	5
numGenes 	48
minGene 	-3.0
maxGene 	3.0
popSize 	100
maxEvaluations 	20000
mutateRate 	0.12
mutateChange 	0.35
seed 	1523907449073
random 	java.util.Random@7eda2dbb
neuralNetworkClass 	class coursework.ExampleEvolutionaryAlgorithm
Training Set Training
Fitness 0.10548547108546769