2.650815701304394,0.9723942870077505,0.3084114720384957,0.8979153339105358,-2.986688966363528,0.006040840489273891,-1.4474685717868612,1.9702188389670279,2.685386191716689,-1.5154414421979108,-1.4025202116718258,-0.18491191216244218,1.9430837192073978,2.2817857398154455,-0.970759328681107,0.5191931977193066,-1.2417657553873735,-0.178665460551372,0.2964166324126518,0.1505944674092189,1.7276160110727647,0.7515532311567409,-0.6916479873795686,-0.5625119523088189,1.6107243464884138,-0.8111322974495191,-2.4533512982048733,0.13633017763328314,-1.8332087211132073,2.4861084780105593,-0.3756840756735378,-0.8212810650122958,0.7855070953908242,1.0293923246219636,2.1921543077370935,-1.038106259315601,2.645232000978182,-0.9696298439686941,-2.5467278112118006,1.9444679284636464,-1.8031618401640088,1.5442179777555536,0.4574149381904262,-1.2365166693581102,2.947327151245113,0.09115855737583589,-1.6764885240925547,-0.9698891539129376,0.657187853022709,-0.0014433047496297258,-1.6291718298412663,1.1090272641561136,0.22214117117579513,-0.08226410756997282,1.2899681700682106,0.44893532076076803,0.3540601314141032
numHidden 	6
numGenes 	57
minGene 	-2.0
maxGene 	2.0
popSize 	100
maxEvaluations 	20000
mutateRate 	0.12
mutateChange 	0.35
seed 	1523902192859
random 	java.util.Random@7eda2dbb
neuralNetworkClass 	class coursework.ExampleEvolutionaryAlgorithm
Training Set Training
Fitness 0.037413664331406395