-1.4980146596148862,-1.8508855415682042,-0.6126245986289276,-1.857265087326944,-1.0737931044592852,-2.6134719954893435,-1.814135175907598,1.0692097914621181,1.8113061698096757,2.0062079956125087,0.1666491938220993,1.2594677499366247,0.8063455969445776,-0.023353995459379995,-2.4963542227980144,-2.8739042971511237,1.2618048723854107,-2.791882766309614,-0.6710502859589176,-1.2481973382823361,0.3659143775900362,-0.6268675663278489,0.7974272952811665,-1.57175016682355,-1.925801471361457,0.9538680059123772,0.6780059775113703,2.4959295197720914,-1.3095494349605947,1.6888774454924222,0.5562459118069962,-2.165877921432277,-2.1889912514803145,-1.8168964364242286,0.374688394576897,1.4623513167386717,2.2733952642290136,1.394081343879555,2.978810862907193,1.1841707535944108,-2.1773024041984694,1.1637363691803628,-1.469861253431886,1.099734990321684,1.2585879797491124,2.938701421402306,-1.1676063006302537,-1.865151473993067
numHidden 	5
numGenes 	48
minGene 	-3.0
maxGene 	3.0
popSize 	100
maxEvaluations 	20000
mutateRate 	0.01
mutateChange 	0.05
seed 	1523929113323
random 	java.util.Random@7eda2dbb
neuralNetworkClass 	class coursework.ExampleEvolutionaryAlgorithm
Training Set Training
Fitness 0.11569214241032083