1.325244262315934,-2.120153931787379,2.486710130328058,0.05331026078446088,1.863266458952337,0.42768365178044343,0.1490858561417827,2.6136505779634085,-2.611946804686876,-2.624788206203318,-0.5094037624034335,2.400236260277225,-0.7937484468050515,-0.15820165346637305,1.5854178487975563,-2.0226118385948375,0.18736978839577034,2.1640956538160525,-2.3875745809940456,-0.4301349135270831,0.95944744434094,-2.4595421424362622,-1.1898881728463224,2.773633269187582,1.173439903676277,0.7727981764180676,-2.8496736156636144,-1.1385473829144532,-0.3060175377790955,1.1381860294934683,-2.908954772820266,-2.0417652730167193,0.8348588114683606,0.7669724970957401,-1.973935309660721,1.7077698828326593,-2.50299829288325,-1.8085540561865343,0.6843468796510823,-0.5527072471360537,1.5480693038703315,-2.527216236222391,0.650603071095115,-2.886029524347144,-0.27904550902691483,2.1589356768751653,0.6160383963282956,1.8070634740940879
numHidden 	5
numGenes 	48
minGene 	-3.0
maxGene 	3.0
popSize 	100
maxEvaluations 	20000
mutateRate 	0.01
mutateChange 	0.05
seed 	1523929113323
random 	java.util.Random@7eda2dbb
neuralNetworkClass 	class coursework.ExampleEvolutionaryAlgorithm
Training Set Training
Fitness 0.08790309979436244