0.5184928060078686,1.8866362969215302,1.9223072965544183,1.9488902263255419,-1.555698143524765,1.5967977576257715,-0.6594645169789368,-2.2297043673260863,-2.894580327645288,-1.3534427854611495,-0.5077402307285588,2.5280553080098365,-1.8720050331552682,2.831448143381552,-2.1178154352665275,-2.8442626439277072,1.7582524453569384,1.7810397342402116,0.5342105994737496,-1.1595538409711457,-0.7582933093229327,2.439852902554118,-0.24379235912219155,2.8161493447217074,1.1661043917929845,1.333264859862054,2.4019314671405763,0.49762923558592265,1.4149086913775248,1.477620239129437,1.7915482390925501,1.0523579119177828,0.09181102609676106,1.8793111034512242,2.4346496154834103,0.411898298238385,-0.6720720276668759,-0.1593639870831831,-0.23043376874817412,-1.7837748637123478,-1.477985818363013,2.600794586234615,1.2902059369828276,2.1636585641942894,-0.7098090314586152,-1.2115769477130491,-0.3734318069951221,1.1559022154477911
numHidden 	5
numGenes 	48
minGene 	-3.0
maxGene 	3.0
popSize 	10
maxEvaluations 	100
mutateRate 	0.05
mutateChange 	0.05
seed 	1523821210295
random 	java.util.Random@24808bce
neuralNetworkClass 	class coursework.ExampleEvolutionaryAlgorithm
Training Set Test
Fitness 0.4195982315645434