2.827597750013146,0.8618916258017576,1.8361355297730753,-2.76258758206398,2.82213885568306,2.115699931860101,-2.23023269256263,-2.5247670542977896,2.3576411511035005,2.022812701088167,1.195163331605162,2.01336848684884,1.1023018421190627,-0.5129483139902877,1.844016704045182,2.7045112504543574,-1.9307292841401873,-2.016487073257412,-0.03443376432098327,2.2790968748202407,1.7191181198662195,-0.4707712673365757,2.7383551858765562,1.800651140644582,2.592880148383387,0.2721088992250752,0.7167661839923831,-0.3508011966190471,2.16722177103104,-1.2028465103596044,2.641979167373212,1.13550116814155,0.8072118177171129,0.8529438156548635,-0.22883252144276084,-2.7789642181560934,-2.379863040568413,-2.5680900175790526,-3.12904075999743,-2.8654624137085065,0.553222547473308,-0.40766083261021757,2.202271240660837,-1.1947975558843271,2.1952308619828957,1.4316675675992263,1.3236084227622888,1.8110649284929798
numHidden 	5
numGenes 	48
minGene 	-3.0
maxGene 	3.0
popSize 	200
maxEvaluations 	20000
mutateRate 	0.12
mutateChange 	0.15
seed 	1523857337730
random 	java.util.Random@7eda2dbb
neuralNetworkClass 	class coursework.ExampleEvolutionaryAlgorithm
Training Set Training
Fitness 0.047477705869231446