0.9990215433137009,0.33371912985167107,1.6753825449165518,2.581129636948911,0.48916881345057783,-1.0085105902725406,-2.0581152973540373,1.2134575656769908,0.9803966441605816,1.4017133019692867,-0.16942212825273623,1.0469799812225278,0.9047826339172818,-1.1844065887943576,2.208634059235445,-1.06825376126091,0.2930981988339454,-0.5465338998248623,0.6165987713336876,1.221926263689407,0.6033348188724104,0.40402752234496564,-0.6689745495002839,-2.1797608227448357,0.6958240832706395,-0.7578780553980669,0.14466694073656594,-2.485796847103644,-1.9348584246805443,2.979092663052187,2.878128987414117,-2.3921419432315223,-2.494213755312387,1.723370822789363,-1.2775638041390573,-1.2649677181500227,2.342921977296598,0.48014513173719475,1.9350081043041705,-1.9398530321797456,1.1012629361771251,-0.8423686338461731,2.9220897467571882,2.579973969518351,-1.485514650900241,-1.9763706768970937,1.8387268431461816,2.1346842940768163
numHidden 	5
numGenes 	48
minGene 	-3.0
maxGene 	3.0
popSize 	10
maxEvaluations 	100
mutateRate 	0.05
mutateChange 	0.05
seed 	1523821210295
random 	java.util.Random@24808bce
neuralNetworkClass 	class coursework.ExampleEvolutionaryAlgorithm
Training Set Test
Fitness 0.24945016218178578