0.6214814214881283,1.58217630206728,2.353705141345905,-0.2656931815084628,-0.22190377256395855,1.612698773134543,-1.3070828032564115,2.436947544741666,-1.110554867459542,-1.1083844854985276,-1.654919374398728,0.5087824900026154,-0.4847714668695823,1.1426684026874037,1.7463440386803755,-1.475058125645551,-1.706756697055817,-3.388926972064712,1.3604786215245164,0.8774340828729624,-1.5985901491650942,0.6603467088501541,-2.0091942211385683,1.993304138798333,-0.416067553118073,-1.6858733425890282,-1.8660681298726383,-2.2797677492204014,0.15585856851097624,-0.23029426547582532,-1.1351878968488998,0.7608023048072453,0.08159069998360102,0.1748477042777028,0.4169989847011488,-2.2040921592123497,-0.9792538603438544,-1.1061205848768476,-1.1780098320535632,2.2159076637088133,-2.1118331008568623,1.3830929695232785,1.5522100374012147,-1.0764201360695742,-1.674860221005324,0.2401193209298227,1.953313582797223,1.173330607548543,-1.0080892154991752,0.8069532788539426,-1.4444868093480308,-0.32763324786826953,-0.4559468207318591,1.5004971232360513,-0.26030828775270576,-0.16721691457053833,0.12105966025943804
numHidden 	6
numGenes 	57
minGene 	-2.0
maxGene 	2.0
popSize 	100
maxEvaluations 	20000
mutateRate 	0.12
mutateChange 	0.35
seed 	1523927463559
random 	java.util.Random@7eda2dbb
neuralNetworkClass 	class coursework.ExampleEvolutionaryAlgorithm
Training Set Training
Fitness 0.04211424451340314