-1.5668015618971476,-1.1496300607699774,-0.8413526215878013,2.2638293748781226,-1.2679483657430501,0.005886181128968104,1.900894378674182,-0.1708389590905881,1.0544030790560222,-1.3981177194220435,1.3124294836939603,-0.3966764752455565,-1.3963691339710342,2.7682929782372945,-0.9232071694690305,0.8661245860116438,0.7712739989304944,2.80162073413139,2.0536908326167502,-1.2402022710552538,-2.5516655779747572,-2.542314224269725,-1.9176005289915712,1.2332089165326963,0.46164774834537514,-1.4945831322786756,-0.59089211586745,1.2379187239104599,-2.795938450853482,2.277901304786308,-1.3901295684770543,-1.2800653108556241,-2.6701054827364556,-0.5059785357988065,-1.872681656400473,2.881849261088144,-0.8226196310405265,0.6986151327283672,0.47326821634694766,-2.291583014150297,-1.5424594069735034,0.23120631156170557,0.7708461884269804,1.0044857795831272,-1.635841812369022,0.43296194638625707,2.918735629329672,2.0375528122414943
numHidden 	5
numGenes 	48
minGene 	-3.0
maxGene 	3.0
popSize 	10
maxEvaluations 	100
mutateRate 	0.05
mutateChange 	0.05
seed 	1523821210295
random 	java.util.Random@24808bce
neuralNetworkClass 	class coursework.ExampleEvolutionaryAlgorithm
Training Set Training
Fitness 0.15898463017210185