-0.4551836453070367,-0.546491766872038,0.3258265283032361,-0.0018463415154305052,0.4061501190495035,1.0559743994877593,-1.0618325563711588,-0.19018174434188873,-0.32290271505547596,0.42109452924921886,-1.97533887757716,-0.37443414464483027,-0.8251809081116874,-0.725780125087253,-0.147275253372519,-0.36825001115034395,-0.08783317090402754,-1.4461065213743476,-0.31872570533718203,-0.8053317177651582,0.4367586851735231,-1.1414020789906054,0.8461767768318255,-0.4037679661475455,-0.16116897112005102,0.8056242965255713,-1.109690723273716,-0.7792854505036385,-1.6050254894991909,-0.31405050873999607,-0.8661621544406858,-2.030365008185911,-1.3002172063342319,-0.14907257221498382,-0.9204763944254328,1.0266667824619335,0.4685130694157855,-0.8335517611995724,-0.20386555326926048,0.052912007214650614,-0.02404522589418312,-0.2226602730915519,-0.41562048357153425,0.8633197602039367,0.8315222565982727,1.880431258045923,0.3690488023769859,-0.1680806935668936,-1.0789232131530193,0.2743330765796683,-0.16432206030502627,0.7284697225955997,-0.14785166325067567,0.4013422427588359,0.48525851020744515,0.5461674861175538,-0.32932365464627256,-0.9643127941745078,-0.4195568900495472,0.01388262544057628,-0.1552117543496373,0.07896223061394203,-0.8960385468940829,-0.15071761098618053,0.06465237966603932,-0.4072547251226678,-0.09027248217281092,-1.1154065984656327,-1.5765440282380654,0.3300318527511644,0.6693845695764531,-0.5153568577910072,-0.7769246746171177,0.22125935399915253,-1.1981989940193964,-0.6615906954622585,-0.5686686816528445,-0.5259046515961454,-1.2302967487213698,1.6399425063761317,0.08275359756108258,0.041229062261553096,-0.14524390449740887,-0.8590743392735206,0.0016592288187565751,0.7067336667484814,0.03709428630808398,-0.8106391934930212,0.29004980528948676,-1.330888244850546,0.7622241052986517,0.6599896181531292,-0.013900689617287076
numHidden 	10
numGenes 	93
minGene 	-1.0
maxGene 	1.0
popSize 	100
maxEvaluations 	20000
mutateRate 	0.12
mutateChange 	0.35
seed 	1523905203487
random 	java.util.Random@7eda2dbb
neuralNetworkClass 	class coursework.ExampleEvolutionaryAlgorithm
Training Set Training
Fitness 0.08182593609523095