-0.2752891691842418,1.360607493446742,0.11409223893753406,-1.9603755396207994,-0.543213856645619,1.9701563636216948,2.389149023156537,0.4077074551635427,0.5390474558586047,1.6920797967267758,2.0875025256655277,0.05544367200230668,0.5469317122879414,0.0838709431813676,-2.5024655887831013,0.21837146115727224,2.430974553017238,0.20276198410647606,2.760112492966127,2.8181707183430538,-0.471500987961059,-1.17148219518118,1.5180317861611519,-2.924462481514216,-0.9138767853897267,0.35608159890032365,-0.4244656950057628,0.8016484174323355,1.398024505865651,-2.8891298692014855,-2.2515069597927866,-0.6352778221368505,2.5169919774427534,-1.672087246422567,-1.0671508593013868,2.8824107295331096,0.9206056030040024,0.36290963616739935,-0.5721038982299977,0.2790502642504107,2.5278990172124907,2.875713594939021,-1.8324526319438852,-0.04438905785104641,1.8876323827435417,2.967426115118796,1.4747827675558307,2.0743603681867206
numHidden 	5
numGenes 	48
minGene 	-3.0
maxGene 	3.0
popSize 	100
maxEvaluations 	20000
mutateRate 	0.01
mutateChange 	0.05
seed 	1523929113323
random 	java.util.Random@7eda2dbb
neuralNetworkClass 	class coursework.ExampleEvolutionaryAlgorithm
Training Set Training
Fitness 0.11663521332981705