-0.9714821700333865,-3.295086465412769,1.354248977516272,2.016760382309653,0.07603959070432886,2.4279493919695576,1.6831767417366166,0.15113093731873062,1.6196727446470836,-3.8199928486575954,1.0863234980861494,-0.15303545256100315,-0.04806703425743453,1.928092060309904,-0.845229358350905,-1.4032788387269441,1.7788690996312893,1.8518871802533852,1.1557539051079257,-0.4955427477065797,0.275791696685905,2.6252724383808648,-1.414640512348687,2.432302847722869,1.9065310527821904,1.7381889281642113,-1.6306476428009677,0.24809863216874406,-1.6881124788638693,0.0942978755107341,1.262909127760158,-0.279387308204908,0.2911357139920896,0.14641912387081357,0.6847120164397582,2.2751319353880635,2.107788568450073,0.4691444907663458,1.3632182156546824,1.2911181007450785,-1.0613362413673555,-0.6537667692624141,-0.020394993982584153,1.525566887099742,-3.525896034430566,0.19675259403417567,0.005795713754786491,0.9951152763876618
numHidden 	5
numGenes 	48
minGene 	-3.0
maxGene 	3.0
popSize 	100
maxEvaluations 	20000
mutateRate 	0.12
mutateChange 	0.35
seed 	1523907210610
random 	java.util.Random@7eda2dbb
neuralNetworkClass 	class coursework.ExampleEvolutionaryAlgorithm
Training Set Training
Fitness 0.024277496959824087