-2.0477911588405324,2.1421538943269534,2.874825161588678,2.2571537370941552,-2.424990508638116,-0.06759558213657346,2.4014813591029602,-2.647440438139803,-0.9211754632041531,-2.971869851004878,0.7966769556866655,-2.558551812021115,-2.1389532831108156,0.31840544764610695,-2.3965491182009364,1.3643787623763028,-2.1453261485579738,-2.129969903784982,-0.6491884164011243,2.8243867267252476,-2.247337876744122,1.6558565434993469,-1.0280921933892133,-2.2625223688752962,-2.0508407093535173,-2.534637124939234,-1.6462303680425479,2.4173132256155645,-0.29888041347471184,-0.01592217412296204,-1.6186973400214388,-0.05543631975307939,2.7790393349124125,-1.8219219758478593,-0.5027972990979057,-0.5352358326675768,-0.8217160063952882,2.4568843448912983,-2.054056943084596,-0.5106315771490604,-0.9972847850143995,-2.837305244651309,-2.0960296977852897,1.4930551525200688,1.9100562111068955,0.3959996296766202,0.11973015900694506,0.056198989836934304
numHidden 	5
numGenes 	48
minGene 	-3.0
maxGene 	3.0
popSize 	10
maxEvaluations 	100
mutateRate 	0.05
mutateChange 	0.05
seed 	1523821210295
random 	java.util.Random@24808bce
neuralNetworkClass 	class coursework.ExampleEvolutionaryAlgorithm
Training Set Test
Fitness 0.3565112459825607