0.8409258534293365,0.9557480434201473,-1.835628770291211,-0.9695914592198625,0.5919206343508565,2.081188349103126,2.3976355398734155,-1.9600222023384257,1.2003501760170199,0.982131355934011,1.7909669574395102,1.3812186686906691,1.1394452882260946,-0.8390793589573988,1.454962124428767,-2.9905348953034556,2.926592779887187,0.046757526054829676,2.6584303526219557,-2.2208826211194355,1.636608450745813,0.44245375676749693,2.7992835429682525,-2.308274948249963,2.4660450632923414,0.03129920509869866,-1.2189782140171914,-1.8952122763806445,2.8634173755306316,2.150232435814864,-0.6615945182905634,2.3721130300674984,-1.4929806485401842,-1.9508237157209187,-2.7085488588959734,2.568989505328344,0.7163096399601716,-1.592429214717411,1.229937508362483,0.82535605653525,2.724635125089846,2.0678071519231427,1.4911530503338524,2.1975725266721575,1.5703609609404907,1.2714408156195605,-2.658336311613416,0.45431333150077524
numHidden 	5
numGenes 	48
minGene 	-3.0
maxGene 	3.0
popSize 	10
maxEvaluations 	100
mutateRate 	0.05
mutateChange 	0.05
seed 	1523821210295
random 	java.util.Random@24808bce
neuralNetworkClass 	class coursework.ExampleEvolutionaryAlgorithm
Training Set Training
Fitness 0.1512516833497903