-0.05510233950914312,1.1897128085784097,-0.2194219571957008,0.49206538193178173,0.37331961581472695,1.594061970722068,0.20000483103444322,0.9072361578315161,-0.7527886883787392,-1.6477619099651335,1.1875383099533683,-2.0387592499577227,1.6317591779542888,-0.8825070996038262,-0.5834554624607542,-0.03768447088506499,0.44976444475043587,1.0029287824843085,0.9859543835998225,-0.786192645568423,-0.27299771690029084,1.1847037536082112,0.8403700000846256,0.67337984548568,1.7837129184950973,0.07075374745930973,0.6095259352645382,-0.28305030293156475,0.07978362622807766,-0.531543137596072,-0.5616643568227444,0.9567499628397856,-1.1943327584561207,-0.4549271667840752,0.17003265040640458,-0.35956081625361747,0.4557322929198322,0.4317880171257513,0.0027981637309303364,0.67387641412332,-1.1073693596501775,0.7924980366696006,-0.2076792474278608,0.4980721875428936,-1.1692420813393445,0.01755060899510652,-0.16594194104720872,-0.941320705085575,-0.21752503897728603,-0.8567760474613538,-0.6356576595476459,-0.3346177297288452,1.991309704909856,0.484907477492837,0.005981317409532783,0.8123318589822648,0.2240802928654,-1.1586254961434839,-0.3411719138064361,0.22215468580571174,-0.11800704169625231,0.9454849096492054,0.19691299448110933,1.62678906152018,-0.3471221371647556,-0.20213771485189813,0.14294964334257698,0.10176026672061822,0.5802591220464334,-0.28714542222349904,-0.5210803562969257,-1.1009746111442542,0.7690944528153162,0.2408534733949932,-0.24817032804047356,1.3645317330434321,0.45466302112770207,0.42831231561755845,0.6466257314735905,-0.21984958407739563,1.5802176580454215,0.5365687618702045,-0.926359468098468,1.535660832230954,-0.9004231080435308,1.0686312813457297,1.1509354884117928,-0.7552281333078874,0.7094360712428271,0.7398187494860943,0.7872508583705059,0.7254648624547644,0.43067204975094053
numHidden 	10
numGenes 	93
minGene 	-1.0
maxGene 	1.0
popSize 	100
maxEvaluations 	20000
mutateRate 	0.12
mutateChange 	0.35
seed 	1523904655507
random 	java.util.Random@7eda2dbb
neuralNetworkClass 	class coursework.ExampleEvolutionaryAlgorithm
Training Set Training
Fitness 0.07715119723777558