-1.572822705828926,-0.9323307866145859,1.2616780513273032,-0.8032796872210846,-0.3820205498095385,-0.5450493650659001,0.7888466661976992,-1.3332722723976103,-0.30544646089574545,-1.6522104560649393,1.995052082507447,-0.7153297307896068,-0.6314727000960407,0.7695788045496229,1.9345048728118575,0.2650754921950067,0.45983645373979587,-2.2690673601385183,0.9459860793238623,2.2918882297083503,1.608786245052325,-1.7022652871759378,1.7637503914628772,-0.29561337847231595,-1.3298232643322616,-1.002890208781984,0.6099520041099055,0.5136794437613558,0.15191539227332218,-0.4405707605614324,1.2321734280068766,-1.3309713699152357,1.0094245289142108,0.27623388327620335,-0.010431321537374028,2.909664934211088,-1.2195313786044983,-1.3553243634961918,1.5252324969692697,-1.4684804099219626,-1.1227471516722587,0.478213468964906,2.1691385859618095,1.8279787465275579,-0.44516449471253206,-0.2733085103041045,0.10540082554615393,-2.6133392125506085,0.21732230155278165,1.938264072987248,2.0341070006086537,-1.5976313486579459,1.4577235643027642,-1.4944351963670988,-0.37615992417435695,1.7972344761123118,-0.28810812785229345
numHidden 	6
numGenes 	57
minGene 	-2.0
maxGene 	2.0
popSize 	100
maxEvaluations 	20000
mutateRate 	0.12
mutateChange 	0.35
seed 	1523927463559
random 	java.util.Random@7eda2dbb
neuralNetworkClass 	class coursework.ExampleEvolutionaryAlgorithm
Training Set Training
Fitness 0.10630627110580496