1.482268921462358,-1.0293102508102985,-0.3198755239377298,2.6929861313312657,1.8904731444060165,-0.8963157404713183,-2.5844404976925186,2.263954894613345,1.9409761297823707,-0.7893497720534683,-3.005345674894461,-2.7579949979529097,0.7381385744931103,-1.3812739508237757,1.9776267822737026,-0.20382303375483612,1.4285180405426674,1.9684177942679364,0.826316225326685,2.244509275358802,-2.3023487141370444,0.09280718948750896,-1.944461872481864,1.3030751762153474,2.737250853937752,0.5595425461169486,2.336976404984432,0.24755573037957015,2.2687650523672866,2.8144522436352983,-1.5976062408920793,0.4567719720173832,1.3970342317920736,2.2157642312344272,1.5566585004311504,-0.6783906262157202,-2.2245959768637693,-1.2942999820271432,3.093260415992585,-2.091275388061478,-0.971510855221425,0.32541651001567073,0.7308854603347491,-0.17051389016136803,0.6902415445942854,1.3479944044323346,1.8831350297116014,-0.6459435592875638
numHidden 	5
numGenes 	48
minGene 	-3.0
maxGene 	3.0
popSize 	200
maxEvaluations 	20000
mutateRate 	0.12
mutateChange 	0.15
seed 	1523857794716
random 	java.util.Random@7eda2dbb
neuralNetworkClass 	class coursework.ExampleEvolutionaryAlgorithm
Training Set Training
Fitness 0.11397823824609218