1.4382421975696382,-1.8431037089102946,-0.9241910345626959,-0.9124369460122819,-2.5571247822823344,-0.9066798992611484,-3.0829344689748375,1.0852257005179593,-0.8005549086673464,1.4273722968389828,-2.160039325202478,0.25637061023932695,2.2250949518958625,-3.26772222184202,1.9184173842121153,-0.5856433670599983,-0.6367499032271551,0.8065532786670221,-1.4201167558632695,-2.018771981832541,-2.449645800728515,1.5326365110020688,-1.6805435537108182,-0.7242025007965421,0.2201320000039183,-2.2153364026419324,0.31254201945874505,-1.240919525849451,1.7361665245099824,-0.482942906107805,0.40510472107618645,0.23000531272200408,-1.9706206874567558,1.2227140688508036,-0.04858014348157036,-1.864674691704277,0.3665266156587593,-1.8857729896513047,-1.8221057472737447,-1.5611907618524614,-0.26072979446053146,-1.2644451581454532,1.8911782993948032,0.5922037013122928,0.4932374141666085,-0.005817305417682328,0.9983333437856785,1.5815363280311514,-1.3828255170315762,1.5452331067726628,-2.627002511993695,-1.7964894719195388,-0.2660937249410721,-0.3026447412404678,0.21641210556711132,-0.39063211860865166,-0.6917585909056708
numHidden 	6
numGenes 	57
minGene 	-2.0
maxGene 	2.0
popSize 	100
maxEvaluations 	20000
mutateRate 	0.12
mutateChange 	0.35
seed 	1523908796264
random 	java.util.Random@7eda2dbb
neuralNetworkClass 	class coursework.ExampleEvolutionaryAlgorithm
Training Set Training
Fitness 0.02849718368255207