-0.08158297991582816,-1.3273324758959357,0.09482425052100396,1.323341420371896,2.1016693517583307,-0.7783331325235265,0.7881185045787823,-1.0903999148282066,-2.0717050452517958,2.06272703140168,-1.7585124498705,0.7515838622271072,-1.542658904890653,-0.17080858918412875,0.383836156579478,0.684362183132061,1.7101382347238285,-1.4458397098277698,-0.6563069425118099,-0.7183486070979497,0.35073090325319123,1.984345572225191,0.9169945613701737,-1.6879650349139177,1.6737743565858763,1.9414479433697989,0.7977695575593096,0.33493203748748535,1.5363283023029748,0.9399848917604897,0.4482607579310741,-0.41280994478612254,-1.0790111798485111,-1.5016227294820697,0.05932932400461874,-1.5273374666206467,-0.5504890922230411,1.797739416018262,-1.2075882793130457,-0.24308473824700289,0.923246684323531,-1.4990494562473886,-0.04567626625599236,-0.8777101772373134,-0.9312023403634461,-0.5851885888751212,0.7819083905810182,0.9891258492162752,1.7587701718425746,-0.1915210276945835,-1.209073664076623,-1.5236890173444708,0.26820845374778174,-0.5801806142597126,0.19785501190732394,-0.6103418802651043,0.3778134817837894
numHidden 	6
numGenes 	57
minGene 	-2.0
maxGene 	2.0
popSize 	100
maxEvaluations 	20000
mutateRate 	0.12
mutateChange 	0.15
seed 	1523908683135
random 	java.util.Random@7eda2dbb
neuralNetworkClass 	class coursework.ExampleEvolutionaryAlgorithm
Training Set Training
Fitness 0.09336621325993415