-0.0710585443915428,0.5475547212737919,-2.7387547931921916,-1.1577079888987374,1.4152989877427093,-0.2832147281978522,0.6680668653779781,-1.118237596328731,-2.2952638619402017,-2.5324055189321037,1.21450279058354,-2.7443933391338966,-0.18087352665381287,-1.051459218129313,0.5939021558917066,-2.4042891748472717,-0.7024951284360945,-0.28804141880390616,-2.703388400130618,-2.076350758573025,0.6351057380165468,0.4241994505688611,0.4530128443796654,0.19625015077379437,2.2776621783067874,0.7536413384984925,-2.3431148638019006,1.994139599985226,0.3413336813936656,-0.8057289396460008,-0.13884616728137775,-1.135986118427175,-0.44721136606720824,-1.4646501745770801,-1.5914525202193504,1.9070606828605854,-1.033909527342392,-1.6882641237447489,1.94062709191377,2.378700061331262,2.073305259153657,-2.4402925636243022,2.803416133598409,-0.028364174602854147,-1.609377741136074,1.5777868709108747,1.0792377715672272,-0.5253404194153748
numHidden 	5
numGenes 	48
minGene 	-3.0
maxGene 	3.0
popSize 	200
maxEvaluations 	20000
mutateRate 	0.08
mutateChange 	0.15
seed 	1523857226222
random 	java.util.Random@7eda2dbb
neuralNetworkClass 	class coursework.ExampleEvolutionaryAlgorithm
Training Set Training
Fitness 0.09887798432705261