1.9439244147662955,0.2122153540039461,-1.7165026590038295,0.7573187708987922,-1.0356639030634733,-0.6533246116942094,1.7320427853912173,0.571836811992821,2.277305397288676,-0.26719214802754443,0.9689082938477687,-0.408384020503066,1.1397122388768044,-0.20596751102551492,-1.5043571197031964,-1.6213954056173865,-0.9933617530897304,-1.9820845222037824,1.486064759799969,-1.607958877679493,1.8623841169048942,0.13347330496618903,-0.624405975195469,-1.5882227145107644,-0.7625800967607469,0.06165297916177104,-0.5185667504339083,0.8467558020931404,0.18202711786255887,-0.09690399388120963,-0.22577663450541963,-1.576686764007257,-1.0190902438150888,0.46777174186692627,2.1938195104479106,-1.7276983856545622,-0.3117303751533591,-1.3993301340620699,1.2207850707692645,-1.3898274190636268,-0.5328543143140849,-1.4787634889145078,0.3725229284424444,1.5292754631260475,2.584116071921946,1.254408797197366,0.061471368805698035,-0.8103207101327418,0.6143679236090838,0.9412622309600512,-1.1221501456118244,0.55060129780863,0.9814451680220726,-1.7133882630839525,1.854199059027433,0.29407871093212157,-0.2560723341669666
numHidden 	6
numGenes 	57
minGene 	-2.0
maxGene 	2.0
popSize 	100
maxEvaluations 	20000
mutateRate 	0.12
mutateChange 	0.35
seed 	1523927463559
random 	java.util.Random@7eda2dbb
neuralNetworkClass 	class coursework.ExampleEvolutionaryAlgorithm
Training Set Training
Fitness 0.09940576210624086