-0.670851456984983,0.2308783525794688,-2.7009877591009634,-0.9612467080067558,-0.7797673511532814,0.19469837187572522,2.439754588281394,1.9156009468117765,-0.053547774204687565,-2.434160186196587,0.6219051006542017,-0.387642618257666,-1.073241437854992,-1.345723053219372,2.631404679112369,0.6787737627457184,2.0095923994781324,1.9370217403029057,-1.3532218835909373,0.07922604727635427,-2.0740431850063636,0.2339766434318448,-2.538856410593295,1.5831611590440025,1.4706930262701983,1.0122773341084703,-1.451076653387135,2.718809617518406,2.0416745015706645,-2.5900828887015046,-1.8874765628047285,1.3237927767095719,2.3239413435202865,0.1638490926693544,0.8791490241912243,1.5530554159063676,0.9696134311650996,2.636191177713743,-0.792960705008403,2.505962984768893,0.7653490143989901,2.298831504705567,-1.8810610801928622,-0.8227296370387558,0.7378238900112352,2.39290929549678,1.888729533828275,-0.24156347396093025
numHidden 	5
numGenes 	48
minGene 	-3.0
maxGene 	3.0
popSize 	200
maxEvaluations 	20000
mutateRate 	0.12
mutateChange 	0.15
seed 	1523858420902
random 	java.util.Random@7eda2dbb
neuralNetworkClass 	class coursework.ExampleEvolutionaryAlgorithm
Training Set Training
Fitness 0.11560716074934313