-1.0092220615537761,0.44272479866123104,0.5953606574978895,-0.11300064976953828,0.6990353249188346,2.064717707844209,0.27856780526992897,-0.32471733571394,0.7277248880124021,0.9558413258518137,0.6682364155058785,-0.03723460311989191,-0.2017574658812008,-1.3184460138920215,-1.0473420695821969,0.14884685514418483,-0.2891289514778842,1.8096854788618164,-0.4496355330413908,-0.29130140802982407,-0.6462207699897249,-0.7661679125848011,0.6314265405172915,-1.3541715761255917,0.20832193710140068,-0.2332844859637775,-1.6371060130515809,0.14534538278736397,-1.5597180161187212,1.1539089126450566,-0.8331626830346958,-0.06895513902897565,1.081347581032253,0.24916785381490159,-2.130713905392893,0.3324301695265435,0.6917382281029725,0.9672951798965523,-0.02105861871123138,-0.760081200126468,0.5693760503842913,1.0647205924692624,-0.43762683799578894,1.0742495726619947,0.5451802733736028,-0.8235541153673523,-0.784603176821783,-0.18951489726203496,1.115592230725845,1.6057971863572726,-0.13567313481951193,-1.6568247430649863,-2.005394391495097,0.2606539542078149,-0.6588589548378884,-0.07519477325261503,0.10208271883325148,-0.10871348625260424,1.2957183616900714,-0.5458510669400198,-0.5990334903420698,-0.9649119110943072,-0.8686076557073324,0.10125922917524954,-1.0286113573870992,0.6895021749396795,-0.9182963298180488,-0.2719083362820468,-1.4024354028489263,-0.2870374377376027,1.8903757847774507,-0.10147650380745454,0.1437580716972935,-0.4553216530678377,-3.3186312129302578,0.5940150969215245,-0.09535070239159404,-0.05540372729685128,-0.3104351895612234,0.9945364027229784,0.06049731444269113,-0.04102652685773445,-2.0931360727014323,0.40664091473573927,-0.9701211958982686,-0.1720289476436837,-2.048885311703679,0.9879407474862999,-0.8119503258320587,-1.535745450734884,0.6724427967945966,0.12881953041662064,0.2836729505685276
numHidden 	10
numGenes 	93
minGene 	-1.0
maxGene 	1.0
popSize 	100
maxEvaluations 	20000
mutateRate 	0.12
mutateChange 	0.35
seed 	1523906863445
random 	java.util.Random@7eda2dbb
neuralNetworkClass 	class coursework.ExampleEvolutionaryAlgorithm
Training Set Training
Fitness 0.07844709352635759