0.22640064500068124,1.5429454657977288,0.811345106589549,-0.881419850425571,-0.5020908527684678,-3.0145149572226506,-2.076702900739848,0.7678814255075146,-2.704014764695498,-1.2418814063501593,-2.9372448635415007,-1.7766390089181026,1.5459240913818304,-2.405037646154459,0.0037769882949421074,-0.8947211200092848,1.6805854286968964,-2.8126052087302,-0.42209362917726523,0.3939637242094536,0.033192499678108334,-2.13139684872899,0.8659937382632474,2.25724611212474,-0.9292258746753088,-2.038464141812117,-0.03301778145379339,2.7394847017426356,2.7736089129239847,1.8716946978746556,0.2128838965566242,1.9996730260009519,-2.434361243337394,0.31518280116182645,0.2925333054927872,-0.5111502209818326,2.987930456912589,0.4689118998050308,-0.5724378136261379,-1.4527307232354656,0.8318721599691108,1.5638527959443564,0.26239920332784017,2.379521653731903,-2.789098967175466,-0.13629716508428924,1.7859591955500411,2.681030178974562
numHidden 	5
numGenes 	48
minGene 	-3.0
maxGene 	3.0
popSize 	10
maxEvaluations 	100
mutateRate 	0.05
mutateChange 	0.05
seed 	1523840504152
random 	java.util.Random@7361081c
neuralNetworkClass 	class coursework.ExampleEvolutionaryAlgorithm
Training Set Training
Fitness 0.3316411951693901