0.5570007728954909,-0.6870452639867092,-0.133376996589899,-1.4598885254799119,0.8888554901287323,-0.9309217038806216,0.5789201172518345,-0.5809119292202137,-0.43652745156775496,0.21786138867249427,0.05548712764046215,-0.6211091503712463,0.7120142081562945,0.6184437471528629,0.5873218264196786,0.8131681247984771,-0.25471681958867376,-0.7612115375421132,0.037478205713182056,1.4969849487955122,-0.563981920010249,1.6113306407993524,-0.013324229754828165,-0.3333959052823784,-0.0475160248055333,-0.9044072604612312,0.5562839097092284,0.42203116979033917,-0.295531052521144,0.5528236675366346,-0.2572669918443211,-0.13725587878807521,0.6811019512663437,0.4205101234974704,-0.7316133841692686,-0.1381192586763088,-0.27768322311556626,-0.36033526593707477,1.2624549974984132,1.019521494954043,-0.48030618448593076,0.5542379745983161,-0.4126431750288557,-0.8976415909076741,-0.916096659102881,-0.17087575626524987,0.49178664971390496,-0.013363223797971835,-0.7758188293717075,-0.44354254418270134,0.5416345600788683,-1.2273449181032459,0.45231278650122175,-0.2268904342832907,0.8550796063602739,-0.20621007925067558,0.3457259985302493,-2.3058440049340274,-0.7799772233966625,-0.12085680858567394,0.01604102605408042,0.34123905046607683,-0.8899482274288132,-0.2748387963071194,-0.4377587694083147,-0.8188432468498135,0.33783893606260595,0.2054517750531223,0.22160993327592005,-0.8321675569041961,0.7446342592276641,0.5219054559663483,-1.0587875294432432,-1.1116541314170048,0.852900796678805,-1.2229197433519459,1.2836633849798997,0.523322309340038,-0.04124364943224956,-1.6220425169778188,0.9120405908250746,-0.31757364168044266,-0.4056801972382911,0.1106437854341108,-0.4667455960404102,-0.36228993037227475,0.412026983627785,0.9385373420923825,-0.7871661442965177,1.8521895213431008,-0.3385367091423369,-0.035372391743411113,-0.4863855834344888
numHidden 	10
numGenes 	93
minGene 	-1.0
maxGene 	1.0
popSize 	100
maxEvaluations 	20000
mutateRate 	0.12
mutateChange 	0.35
seed 	1523902502374
random 	java.util.Random@7eda2dbb
neuralNetworkClass 	class coursework.ExampleEvolutionaryAlgorithm
Training Set Training
Fitness 0.04970721658348187