-1.2682251568428664,-2.1568493689085892,2.771967504525188,1.1551401350965804,2.5330022338917075,2.9847819865799687,2.538649682704266,1.0626034786412326,1.4370080012743605,2.528141691802233,1.8428628546998382,-1.7285186109038435,1.6945949616733262,-1.2647155797822838,2.8400121062936616,-2.585468661364064,2.18624634145121,-2.6021377053278236,-1.115372274538298,0.29939299186959634,2.0616189279543002,-0.8721155557996294,1.7459551685200037,-1.6225346735275874,-1.1620215401335472,-1.4994951577674345,-0.683821999469568,-1.59975290987532,0.9278834598394736,-0.8855246865710871,0.7798614729256437,-0.6584222731341838,-0.07132201360404285,-0.18822665768556135,0.13464573258822998,0.8784544652128485,-1.656705990617355,-0.8346085177391027,-1.8539831233571002,2.5908077371829856,0.3679528559701744,-0.9278546532280756,-1.693875594378012,-1.56252644378175,2.433108803903073,2.341506350960099,1.5984366128239915,1.3989512402937851
numHidden 	5
numGenes 	48
minGene 	-3.0
maxGene 	3.0
popSize 	100
maxEvaluations 	20000
mutateRate 	0.01
mutateChange 	0.05
seed 	1523929113323
random 	java.util.Random@7eda2dbb
neuralNetworkClass 	class coursework.ExampleEvolutionaryAlgorithm
Training Set Training
Fitness 0.11567258866371781