-0.9438601146032468,2.8540016947711546,-2.800577509338715,1.5145644555162896,2.5855836871965163,2.472293003956419,-2.916148978642715,-2.5021954031762723,-2.8915949469291715,-1.481342234709757,-2.932000833667427,2.396756760237073,2.0436204268031304,-2.5280466007142794,1.4549100294572117,2.386322948171964,-0.5164151359045841,0.9267690633978143,-0.4389873979519816,2.131614018919869,2.4441529488524703,-1.7877755344838544,2.828115475574922,2.744598667393533,-1.4451230641746269,-1.1337630590157495,-0.45654496837268654,0.5769421141900128,0.7293088296157513,-3.039455915533554,0.07040368257711442,1.9898329815468587,0.7617783576591886,-0.2690667676186768,-2.1691700503836433,-2.3094391860686554,1.5997982371863735,1.799639452420882,-2.411550247100772,2.501283240585197,2.0194492998434566,-2.980597805315109,-2.5894713219440524,1.630907022982333,2.2207548030229862,1.9338090696903523,0.6699167683517215,0.7499525017231674
numHidden 	5
numGenes 	48
minGene 	-3.0
maxGene 	3.0
popSize 	100
maxEvaluations 	20000
mutateRate 	0.01
mutateChange 	0.05
seed 	1523929113323
random 	java.util.Random@7eda2dbb
neuralNetworkClass 	class coursework.ExampleEvolutionaryAlgorithm
Training Set Training
Fitness 0.110215835917995