1.062818745265322,0.3852891741719444,1.2068612670867438,1.0545038098311084,-0.6219731855697852,3.5380573109900753,1.7561062891577461,0.17840485200304768,-2.2083218577600676,-1.461254806015429,-0.19777357622152203,-0.5837068619893628,1.4623397138634444,-0.38446376221511147,0.3897467260656804,1.9678000911909619,0.965346648041833,2.5284702011887314,-0.07376165029734638,2.179485424493605,-3.1293571073324293,-2.2497101777377275,0.09317075006506959,-0.9658023293053747,0.2450837527651838,-1.2155170352762306,1.6243106671366077,-1.1382034138208652,-0.8912173115979874,1.1150529722021232,-0.28777338755635773,2.3635126935193402,-0.8093471850079783,0.6843204293729572,-1.107125274556764,0.010760174865973915,-0.24898370304170436,-1.730437309889255,1.7460872242691634,-1.514638263223533,-1.733336816359904,-0.5315059141499558,0.9704460561022384,0.006037552424578152,-2.43745204569091,2.035121022012785,-0.9985884758336443,-1.9037022217858492,-0.2992670340949244,-0.44460767852011174,-1.663024700130467,1.0000424953264362,-2.4059988365606326,0.4348240761549186,0.35791239656985874,1.1015252901278672,-1.0337207345387838
numHidden 	6
numGenes 	57
minGene 	-2.0
maxGene 	2.0
popSize 	100
maxEvaluations 	20000
mutateRate 	0.12
mutateChange 	0.35
seed 	1523901171972
random 	java.util.Random@7eda2dbb
neuralNetworkClass 	class coursework.ExampleEvolutionaryAlgorithm
Training Set Training
Fitness 0.02297345795579753