2.6900789343655642,2.072238154622947,1.742860541241975,2.7137474764162652,-0.9281593875218404,1.8204549963349514,-1.9979403599888927,-0.09579744643178856,1.4620679311910216,0.8494026074023706,0.9113154241655037,2.897687660000263,-0.45799042676937063,2.4806961413467263,-0.815536944698873,-2.252848855914791,-2.0461507026212606,-2.9309327389821833,0.26361218381169405,0.32892562370238654,1.7602755013446512,-2.3688243888031284,-0.09738456216065439,1.2527224360210951,-1.2035912351234728,0.5676273225339687,0.8241501529476505,1.076706097700371,-0.8796266067235035,-2.5171813951058537,0.5396356118707728,-0.24378590978784764,1.8780897668098246,0.34302858644947776,1.1063289153822673,-2.595366915679392,-1.68915322562915,0.509405492842486,0.2858464355583896,2.0118261534774513,-2.4386712387984186,1.4251434488949712,-1.8927477761409768,-1.1581620752560444,1.2347443476853517,1.8043747207656287,-0.6745015018957226,-1.2786315568082403
numHidden 	5
numGenes 	48
minGene 	-3.0
maxGene 	3.0
popSize 	10
maxEvaluations 	100
mutateRate 	0.02
mutateChange 	0.05
seed 	1523856085206
random 	java.util.Random@e20ac38
neuralNetworkClass 	class coursework.ExampleEvolutionaryAlgorithm
Training Set Training
Fitness 0.19877013805245514