-2.533905676917156,-1.9692352476476676,-0.2390913941990025,-2.5613560958506154,-1.3921247153744583,-2.0387391800361563,2.780309493909723,-0.13657180251568413,2.7323793983197735,-0.6595233540321799,1.9184255315069878,-1.4273442167165256,-1.953768855056848,0.5677406066326034,-1.0427954095125433,-1.9609262685820488,-2.7433511184143797,0.8282613434666564,1.4593933327804824,-0.4203595744945982,0.16653615697151114,0.8883038190963664,-1.6618691355538497,-0.25047480045560616,0.00832245253906487,1.1032192745648854,1.581447509605648,-2.995282907878922,2.221420274340324,-2.531507764363198,-2.3324082291018895,0.17414814150123759,-2.512842403564051,1.9873273712252482,-1.2401537775405147,1.5693481738079387,-2.9684782072743445,-1.140840339963637,1.5097265949164953,-1.3157471708839819,1.2400402131659067,-2.238172213653298,-1.3748082276991265,-1.4500991012625177,-0.14939415109039977,2.4060134231073897,-1.3242726519657453,2.4083631192401
numHidden 	5
numGenes 	48
minGene 	-3.0
maxGene 	3.0
popSize 	10
maxEvaluations 	100
mutateRate 	0.05
mutateChange 	0.05
seed 	1523821210295
random 	java.util.Random@24808bce
neuralNetworkClass 	class coursework.ExampleEvolutionaryAlgorithm
Training Set Training
Fitness 0.1944450406472962