1.4193763136264286,2.403625503110801,2.901294954691328,0.8423757059839401,-0.32581974423737775,-2.9228044060835185,-0.7337998656595062,2.8595982285290322,-2.8823015864920327,-0.9620598517115169,0.5394669959632683,-1.0968963280249235,1.2904263636297362,-0.12946011436144245,0.6659237540975864,0.12048230070506119,2.3734947519517267,-1.3595148058540345,-0.7817860088782154,1.7368593058361803,-0.3397667895817351,2.9364871766294813,2.29706172508142,-2.3109198016406918,-0.9143640552122081,-1.9278933412807968,-0.25394913488705173,-2.16494999622795,1.7405245713589739,0.40376471282377163,1.8770455346332613,-0.0743346713449217,0.19524824642241434,0.3672250012510796,2.0691811051444633,2.290449946472741,-1.7066899070847659,0.41705547265503906,0.7586488448246211,-1.4608239599027966,-2.4016449463371767,0.6234998569317827,-1.9717036136734805,0.22042795021837414,1.588499914202898,1.7386144184972656,1.9353593298192588,-1.3957693050656406
numHidden 	5
numGenes 	48
minGene 	-3.0
maxGene 	3.0
popSize 	10
maxEvaluations 	100
mutateRate 	0.05
mutateChange 	0.05
seed 	1523821210295
random 	java.util.Random@24808bce
neuralNetworkClass 	class coursework.ExampleEvolutionaryAlgorithm
Training Set Training
Fitness 0.31255469797187496