-0.7804833985406581,0.4993698245148023,-0.07150125913548316,-0.4984913473974858,-2.3126506243218037,-2.8521056563528444,-0.8393263576800285,-2.158612303435267,-0.8091086589447032,-1.4750134407187883,2.2635305442791633,-1.3937813516269817,-0.6643333300735219,-1.8245100771022371,-1.4301777230426067,-0.3085612380454362,-1.0488703772824812,0.972043483782107,-2.5026956339144517,-0.458788005503831,-1.6045217742130984,-0.5322790619940372,-0.44257913035755025,-1.378746772284609,-2.3908730814981443,-1.8227050344852405,1.1498999496187192,-2.4091214473429057,0.0013986383120034446,0.3844782855653436,-2.4161278261885473,0.6073720215188212,-2.4360242434517043,2.8158500240716657,2.0188574051521297,1.1328731346525613,1.3011400149759582,-0.2969597731510449,-1.340795868908105,-2.411403093686567,-0.9991906219609239,-0.1769014793144198,1.1632948020637,-2.2366927614806107,-0.2081296531352203,0.012838265428010143,2.794069620368444,-3.317424577379571
numHidden 	5
numGenes 	48
minGene 	-3.0
maxGene 	3.0
popSize 	40
maxEvaluations 	2000
mutateRate 	0.05
mutateChange 	0.05
seed 	1523687685990
random 	java.util.Random@7eda2dbb
neuralNetworkClass 	class coursework.ExampleEvolutionaryAlgorithm
Training Set Training
Fitness 0.2880983996873952