0.21275281960743975,2.2774381850342564,-0.4696778504952359,0.08194996327887605,-0.3552953269287342,-0.2859969021785753,1.7208931717293305,2.1275305883506164,-2.1106208237926603,-0.40229670157297015,-1.4768582236588095,-1.1469993836438288,0.6943932552259975,0.5717862575122084,-1.1496540299097822,-0.1175113665877574,1.9058863922201086,-1.7639108742481575,0.35271039135184434,-1.5438578403100094,-0.700903693820417,-0.7432325793455088,-1.5292350392372691,2.363533325909713,0.728589048022187,1.3551735018496087,-0.5805275974022459,-1.7862987666809382,2.4174192346359957,-2.456502814779658,0.7963406219875186,-2.318091539687738,-0.8130844653136018,-1.8709186604642716,-2.2919864958564977,2.546232722128594,0.34871149742749985,-1.3988787768015052,-0.5515222148322416,-2.5123367347149115,2.8380612985102287,1.5427523919432797,-0.16179447778562928,2.025420089353789,-1.0375962014362228,2.1783294924923338,1.3472119352679996,1.5947563663073439
numHidden 	5
numGenes 	48
minGene 	-3.0
maxGene 	3.0
popSize 	10
maxEvaluations 	100
mutateRate 	0.05
mutateChange 	0.05
seed 	1523821210295
random 	java.util.Random@24808bce
neuralNetworkClass 	class coursework.ExampleEvolutionaryAlgorithm
Training Set Training
Fitness 0.3721057116399391