0.13251050116640217,-1.298619422506297,1.4108294180571872,1.1594451886767947,0.9704927265815423,-0.5449578534416784,-0.6602231443718592,-0.477936424383008,1.0798538443022432,1.4420588730911161,-0.5386022611510097,-0.05078612792185422,1.5872867923824185,0.992612629695354,0.28431658724442077,1.2484344764519055,0.06816213404795324,2.330978342240722,0.8917296391957034,0.42463775667180026,0.35920238909469937,-0.11322676395857956,0.07869798581056608,2.4553190823091615,1.4269111149799079,-0.9543197061579126,-1.1267251911618197,-1.2710660470196706,0.09277951837023124,-1.4522104659218238,-1.1958046308623675,1.1094701164347889,-0.473522110839541,0.6646282597068539,-0.5723687412209183,1.7435713313228818,-1.2728643726134492,2.1320554712229973,-1.5525988401913118,-1.329408945620917,-1.345472630158015,0.5716670050328013,-0.01003215213906572,-0.27432646581247633,0.3358543148109574,-0.9521238091329114,-0.24681273478113674,-0.09739671943489236,0.13120743351481745,0.3118612074930208,0.4744596784769143,0.7514675061013898,-0.7876007551017953,0.26103562445708806,0.26088796376573353,-0.7736027020374417,-0.8821553028223726,0.1722007697180683,1.0151737394298148,1.6226155038118435,-0.2893437167389873,-0.8503052937552358,-0.22223029570930652,-1.2613558875638278,1.035668345095758,1.3198978311674079,-0.44067453799490974,-1.1313369891785872,1.5808711963919966,0.4788455128161426,-1.8965229474808054,1.2616537986126106,0.07100255313063919,0.3875890604929858,-0.35145273540181476,0.17810299363155357,0.6558073662561867,2.3603364870122645,-0.8022603783113712,-0.9683218594236745,-1.247255137854017,-1.7467045051728838,0.91092386596217,2.5724332844049287,0.8136855758296866,-0.962468090540338,-0.10287345917338375,-0.500261771675211,-0.8925920637860837,0.22704689233033493,0.5653567712658722,0.13726960320112924,-0.3934601623670577
numHidden 	10
numGenes 	93
minGene 	-1.0
maxGene 	1.0
popSize 	100
maxEvaluations 	20000
mutateRate 	0.12
mutateChange 	0.35
seed 	1523905346967
random 	java.util.Random@7eda2dbb
neuralNetworkClass 	class coursework.ExampleEvolutionaryAlgorithm
Training Set Training
Fitness 0.0190537742498888