-0.19027002170136187,-0.9889427430584627,0.9791727387740066,-0.07275257995104205,2.3139990287202474,-2.0993299698512935,-2.7074895269737373,-1.5166074972869672,-0.9216716812470913,-2.5235711954466957,-0.25326985092008947,-1.4388041933702997,-0.7481122315075854,0.9812193595397796,-0.8287509965628184,-2.1010129111367437,-1.5646031637036377,-1.609276713313644,-2.4728923834459344,0.9839096614391414,2.3151884499419477,0.9885272943389625,-0.9944623051987111,1.1698586405351907,-0.8385937126813325,0.6559428312916831,2.7898095921646533,0.49649774249419715,-1.2038633718426779,-2.265682018625616,-1.2976328300005044,1.5488299059788115,-0.32572558194268025,2.912351716491549,-1.6573513587112418,-2.5615431077503477,-0.4353394928077856,-0.8784082812089617,-1.7677655176379892,1.8999064846753777,-0.8350354121371328,-3.0492281897272524,-2.7368204122370985,-0.6887965812417551,-2.330158355151031,0.9255375220525877,2.7661253287205048,-2.116670492077934
numHidden 	5
numGenes 	48
minGene 	-3.0
maxGene 	3.0
popSize 	100
maxEvaluations 	20000
mutateRate 	0.01
mutateChange 	0.05
seed 	1523929113323
random 	java.util.Random@7eda2dbb
neuralNetworkClass 	class coursework.ExampleEvolutionaryAlgorithm
Training Set Training
Fitness 0.13092275123718744