1.4841490460066868,-2.4709085104560113,-0.313310977355195,-1.6245702694903708,-0.46416403728189487,-0.8466076148463029,-2.5398310594656097,-1.7049634064742678,1.7429059731564145,1.8068400790463794,-2.7005643719441963,-0.7761061969950802,-2.7850724264980844,2.6869302785702756,2.1993010950634604,-2.1600029632986804,0.9269659495466918,2.010131495074213,1.1686494034669614,-0.14369260231131253,2.1496984322828148,-1.1574747362519051,-1.7403124314064524,0.09722855875798864,1.936865725646176,-0.21493059526412983,0.9216404114843852,0.9729403600749817,0.848321957277796,0.2744611482314734,1.9749256081534767,2.0787720295137264,-2.843138845436171,-0.24763032489258557,1.2905107292868756,-0.14264970930208776,0.09442584756442969,-2.0648941228609123,-2.414670461723863,-1.4907033982805153,2.7382206502310122,0.7325943903668812,1.3583074316671624,1.5738030426552798,1.1196792728532223,-1.6801899937545743,1.1427133394827411,2.5734579016264467
numHidden 	5
numGenes 	48
minGene 	-3.0
maxGene 	3.0
popSize 	10
maxEvaluations 	100
mutateRate 	0.05
mutateChange 	0.05
seed 	1523821210295
random 	java.util.Random@24808bce
neuralNetworkClass 	class coursework.ExampleEvolutionaryAlgorithm
Training Set Training
Fitness 0.3065657457469492