1.0884305065521906,1.2320897843205145,0.11190183041987611,-1.236891489273563,-0.5305464433411544,-1.9812092118432076,-0.3841782493292578,-1.144377767430129,0.634211464896212,-0.7326506038731834,0.19594100735601594,-0.8588248751631721,1.7610881516877854,1.3686339188132925,0.2695340858844273,-0.6986796552148479,-0.5992503781999845,-0.7063684834766779,-0.7373979960706915,0.021451026084215452,1.9521322660191327,0.04096649043735723,-0.34024641682928447,-0.39877798404975073,-0.43540283898642695,0.20264026595586915,-0.3240088086258509,-0.5620669877993822,0.6371396414920469,0.2732930575266316,2.0123735725469,-0.951787827319779,1.8199110309070452,0.313249717346751,-0.7910858318993151,-0.040292270249706164,-0.3099053680195548,0.2696366237394172,0.30397665015313147,0.44147428004304834,-0.8893070012495451,0.19147396903373548,-1.2654168564340758,-0.5598278717666751,-0.3629927625883328,-0.6332975017650154,-1.0121136388652068,0.20709562716758823,0.4958250979921145,-0.488886328151643,-1.9781475888026359,0.5794529322035463,0.7610652865922266,-0.24999466632512035,-0.09639574665425166,0.4402563186433561,0.18650641418512626,-1.0339857536205808,0.5074012423926891,0.5089701514718881,-0.24268610031335414,-0.9572247583683242,0.341847291308349,-0.7736439183776218,-0.1721920262209019,-0.8577381951394291,-1.6627518828620995,-0.36359090589523624,2.705495676085303,-0.9756351217841185,0.9478659346068571,0.5202297943228057,0.646465860625687,0.500469840535076,-0.08985151412733261,0.5511332435996352,0.744826650469223,-0.24150425825281496,-0.7531632272425832,1.717245918595908,-0.47105936898355294,0.6050626231513964,1.2181851210181949,-0.7027031437233083,1.1697929553010067,0.02293464175268589,-1.5320672760045189,-0.060386895460582735,-0.8040479108983616,-0.8197721555735593,-0.3077220315347148,0.7166450608911005,-0.10851684360031388
numHidden 	10
numGenes 	93
minGene 	-1.0
maxGene 	1.0
popSize 	100
maxEvaluations 	20000
mutateRate 	0.12
mutateChange 	0.35
seed 	1523904818940
random 	java.util.Random@7eda2dbb
neuralNetworkClass 	class coursework.ExampleEvolutionaryAlgorithm
Training Set Training
Fitness 0.045277157044010884