1.3848391298339926,-2.7876367800769586,0.09150300446717985,1.0608974781913316,1.1813094030571287,-2.223860608330291,-2.4808900129708436,2.945416215277046,1.0003767976297357,-0.9634352838993592,1.0482510455720568,-2.839182105122828,-0.36180438001810344,0.0987896839552338,-1.1015861856561577,-1.7679132950243006,-0.5748699949402098,1.2882361053006166,-1.3140838606522935,-0.5662557651720332,-1.7117388616769644,-1.7911731415467809,-2.3538580742349566,2.4432451515145335,1.6681119649106408,-0.4079242278869799,-2.548004428602443,0.12154793653623752,-0.8018820813108309,0.3823214331183751,0.6341768037300599,-2.989911167680914,0.5352047877581523,-5.922961911961622E-4,-2.108489247387835,-1.689186764461773,1.1197161964622513,0.7881271186155558,2.5160448441330736,0.08691600361715857,1.6145464754700125,-0.17900759225253982,1.7688539823115204,0.9125465687686596,-1.988232680177818,2.733853074139671,-2.1717335313474146,-1.0316702685872832
numHidden 	5
numGenes 	48
minGene 	-3.0
maxGene 	3.0
popSize 	100
maxEvaluations 	20000
mutateRate 	0.01
mutateChange 	0.05
seed 	1523929113323
random 	java.util.Random@7eda2dbb
neuralNetworkClass 	class coursework.ExampleEvolutionaryAlgorithm
Training Set Training
Fitness 0.12721744832680898