2.253979978047093,-0.8596914372648797,2.458412706704486,0.5693873618855971,2.1145771093605292,-0.7683053260676945,2.5875300977301214,2.0131518615865276,-3.4769711272268444,-0.3667437641278378,1.0371167455217511,2.8009049181236874,0.22436174816046606,0.44758341724564543,-0.8934980153101467,1.3956798151495091,-1.3270390976443323,2.0306641898090194,-1.2238661754682614,-3.406116297917598,0.09592614233112595,-2.957782167446125,1.3804055584928694,2.892118395570705,1.444971633169052,0.8672996599729835,3.2997864244201165,2.2886471790546663,-0.6972264809613712,1.9503053676037574,3.760643569857633,-2.7694815991488193,2.5768764675016818,-0.7987270194144207,0.8188031367081684,2.0021113737658407,0.012008334966240541,-0.36302942358118073,-0.539473634577949,1.122242039222877,-2.866224375942514,-2.99563456873871,-1.9273330783264808,1.739832922835844,-0.6166207853224142,1.671916983584142,0.13670559666410131,-1.1407879510590053
numHidden 	5
numGenes 	48
minGene 	-3.0
maxGene 	3.0
popSize 	100
maxEvaluations 	20000
mutateRate 	0.12
mutateChange 	0.35
seed 	1523907651075
random 	java.util.Random@7eda2dbb
neuralNetworkClass 	class coursework.ExampleEvolutionaryAlgorithm
Training Set Training
Fitness 0.0570647147326157