0.8037881497528028,0.6292351376974732,-1.2959361400912865,-0.9348358407609482,-3.3904777984020655,2.6747057615617935,2.8547029607318564,-2.2991184916093164,2.832844666305512,0.9882320114598943,2.429557616532548,-2.5069194833649946,-2.367261695530632,-2.701542419971641,-2.7113261347759035,2.288091500791849,1.470645958265111,2.675289442691856,-0.570634095392139,1.3374448292350651,-1.953965002442207,0.04830740953112808,0.24716981870403634,-2.4000935362346527,0.6532557786757743,0.6064637839465042,-1.1811218316936103,0.6449181179752762,-1.165842555681401,0.21376352017418565,-1.3864333968149152,-0.06891710508274648,3.14035556113757,-1.66123681171653,1.728228355796141,2.6694056654594074,-2.5680723816233666,-1.1448293450010463,0.8216136873668001,-0.45797063024924556,1.8876390619844456,1.1772133410745202,-2.048409463044917,3.2938294303927225,-1.1338305932464086,-0.038210154657735085,1.264924464043507,0.9608511323750442
numHidden 	5
numGenes 	48
minGene 	-3.0
maxGene 	3.0
popSize 	200
maxEvaluations 	20000
mutateRate 	0.12
mutateChange 	0.15
seed 	1523859200587
random 	java.util.Random@7eda2dbb
neuralNetworkClass 	class coursework.ExampleEvolutionaryAlgorithm
Training Set Training
Fitness 0.06166682898404598