0.3865558651796821,3.0470934051556844,-0.5075964608170869,2.9959000377886165,0.6930671166996156,-0.2962595094941955,-2.5639178008781327,-0.5175785248117863,-2.872242444775735,-0.3566632759411168,-0.3158258293530056,-2.7423266963340396,0.28536428311558115,-2.5956171921233837,2.984117588510193,-0.3893266339161762,2.2463715385169643,2.527045976988627,2.4654733389688044,2.7846967342712485,2.19111275581089,-0.28983592261564795,0.9825188593792289,2.1169160736951165,2.365459645758029,-2.453639216414138,0.018287669505336265,2.9255296324310125,0.7020883489469361,-1.176854181365637,-0.7539656191241719,1.8914352640459864,1.6071761240138276,-0.7568808857409177,-0.5062781342605636,1.8404929341633522,2.565736960230409,0.7691198932572507,1.1942314758585983,1.1789038015840436,-1.450332864834805,-2.8595937327487944,-1.121391289288371,-0.9817857668569476,-2.7690705341822097,-1.4163195193299085,0.7817661569089618,-2.5020560785763184
numHidden 	5
numGenes 	48
minGene 	-3.0
maxGene 	3.0
popSize 	10
maxEvaluations 	100
mutateRate 	0.05
mutateChange 	0.05
seed 	1523840504152
random 	java.util.Random@7361081c
neuralNetworkClass 	class coursework.ExampleEvolutionaryAlgorithm
Training Set Training
Fitness 0.2815070201566659