-1.4014088371014763,2.2975361365335116,-0.8682714970118468,0.7271340070758063,-1.8983044500307915,2.717692264249548,-1.6579773377473614,0.810691368593627,-2.045741098539809,-2.4836411478220093,1.7201642297602593,2.4364681616329236,-1.4054271639206155,-1.4657845355710928,1.825487227807475,0.6912035135734103,0.9767888312555666,-2.0550705241245524,2.4036365046209873,-0.24219024597720562,-1.3085658248395777,1.35530298630082,2.4501366162119043,-1.4455495755001062,0.3343866404774733,-2.302731255408612,-2.491988607910823,-0.48824640297303823,0.2039823617547052,1.8463956877020706,-0.6429461058328769,0.10543180299020083,1.408668228114915,1.7386648286191249,-2.6511594429115855,1.492441465378868,2.3578401744270607,1.731893224227375,-2.074439261007525,-1.182825454904655,2.686248875273087,-0.7797114394101845,1.2322208048012309,0.5600321719643349,-2.9724163146455616,-2.8397733241951437,-0.3092353474429892,-1.8559097657811414
numHidden 	5
numGenes 	48
minGene 	-3.0
maxGene 	3.0
popSize 	10
maxEvaluations 	100
mutateRate 	0.05
mutateChange 	0.05
seed 	1523821210295
random 	java.util.Random@24808bce
neuralNetworkClass 	class coursework.ExampleEvolutionaryAlgorithm
Training Set Test
Fitness 0.41392268461268295