-0.8625839868986602,-0.5987893332837594,-1.1985964711325687,0.157288027890086,-1.565090042330127,1.0083751470207494,1.2424037688641296,1.2653665944185344,-1.5972432247710566,-0.7782535323349438,0.17003714511989265,0.41155848913768045,0.5013432198564715,-0.8093307144662482,1.6810457733260766,-0.16847957738852082,0.13892386222367048,0.03893482838433027,-2.2063152720568713,-1.940972663733484,-1.5826604950737106,0.8216850656705004,-0.07376743697244315,0.2071121313167913,-1.1890957079725886,0.12949686112782466,-0.5046980006343085,0.28378835046284967,1.2440143646154782,-2.2409282593453965,0.9849340835129481,0.10563710803226067,1.4630829049931435,0.5873739962630576,2.1237201221577258,-1.2381094599071139,0.5199149874299841,0.16203707930717892,-0.5306898162681138,-0.4185745198895696,1.9238965606775094,-1.2776130215679995,-0.12072634533589677,0.2641589143182913,-0.3720526598040168,-0.8059472111194591,0.4846675773385145,0.9931717037220856,1.5064700443940597,0.1592435482696718,-0.624787929491402,0.5813664462603202,-0.7707993599866846,0.3333049453783944,0.20245629499499684,-0.6524796460284593,-0.2994081236460958,2.266582962937044,0.6412283409741546,0.6214273176050009,0.36998065041615635,1.5933638383778659,-0.8266338980920462,-0.08985611152624962,-0.868150616703518,1.2447855254820932,-0.9318322066388133,1.073442477918604,-0.6671635310499322,-0.49427134796753946,0.12133565341358676,-0.9657624953424174,-1.6668071868570786,0.3224094477320445,0.8655116329914659,0.4305407131043246,-0.15777084508431438,-0.8560118358697437,0.7315180207539793,-0.8028593511785831,0.8195625079189377,-0.5306035621392289,0.06793292308152854,-0.9406564867410909,0.21873667773000127,0.520977426026319,-0.8823543139334441,-0.8722486151266154,1.047057052585482,-1.0205757378687843,0.7535524019323319,0.4021966574186887,0.22459346935337443
numHidden 	10
numGenes 	93
minGene 	-1.0
maxGene 	1.0
popSize 	100
maxEvaluations 	20000
mutateRate 	0.12
mutateChange 	0.35
seed 	1523903259363
random 	java.util.Random@7eda2dbb
neuralNetworkClass 	class coursework.ExampleEvolutionaryAlgorithm
Training Set Training
Fitness 0.029934527491912045