1.204290890941542,-2.9599514410276955,-1.191700072948881,0.9995925063986624,-1.4734452428660252,-2.9370803773453824,2.83318985196114,-2.195343957116207,0.8501046367054101,-1.1785252900263472,2.951049977306928,0.23829352731233477,1.3750265907729868,2.3397156531306944,0.22074929720241698,-1.9948692308593703,-1.9891071152910298,-0.5753193239088292,-1.1761394491785702,1.6264484902755694,0.1462047409982583,-1.6460766185749998,1.5736272645447213,-2.083044849299661,2.1244846098316827,1.2877076617171177,-0.46251161479805836,-0.6170270398739066,-0.01591203126733838,-1.5082078454797456,0.8839323054501822,2.9675603908677566,-2.1144019325057934,-1.729645590084165,0.7500118278303907,0.15051948283512395,0.0049664997986371695,1.1597746977071612,1.0488890329465201,2.4311545491983493,2.46235736867469,2.6726696784630537,2.74733085578322,0.32907566070719135,-0.6640506220964424,3.007743525768549,2.741121332372029,2.9832560170971645
numHidden 	5
numGenes 	48
minGene 	-3.0
maxGene 	3.0
popSize 	10
maxEvaluations 	100
mutateRate 	0.05
mutateChange 	0.05
seed 	1523821210295
random 	java.util.Random@24808bce
neuralNetworkClass 	class coursework.ExampleEvolutionaryAlgorithm
Training Set Training
Fitness 0.22157664130028942