-0.9378260842670959,0.9646501424847059,0.6145973385740722,0.04333850341427958,-1.505845674514168,-0.8123477841564398,0.035396330404538046,1.32356115240785,0.7484330571882588,-0.7107092792591737,-1.1282959673346857,0.4665103510880372,-1.0208088522575536,0.2363970451040439,-0.982794273701245,-0.4624222522070016,-1.4147252174058096,-0.8130605009685059,0.09550571609735725,0.2645085230156444,-0.7953604928916241,0.21091119761260568,0.0536293482199911,0.46985845545732574,-2.011755620994885,0.5782944142599847,0.12556502857609253,0.7558139791138233,0.4582463984942887,-0.1628992542597557,0.3519328633839094,-0.8102245259097806,-0.9275203307556459,-0.3353379608175223,-0.39431056648390506,1.7173614069030387,-2.3569553526628346,-0.7074218495077005,0.23639655151844396,-0.6467942926299757,-0.3427199072982494,-0.03241474613960227,-0.8481971335376167,0.5417788155788904,0.6101941210689517,0.021587130078325578,1.031860814897113,0.47617633312972607,-0.10701828020123161,-0.06760894261480166,0.8390402943163628,-0.4734591756391685,0.43673059440769535,-0.3587528185675868,0.006039230396743256,1.0924038622499768,-0.09313735519805733,0.2766937404543771,-0.20727056829957446,0.17091305090165632,-1.2402497983906393,0.24757771205422674,-0.6542393127842518,-0.10551337639559188,-0.487016914251009,0.19607561309544097,-0.36033171643301365,-0.9619781052553326,-0.8378232295594107,0.46720309899549184,0.17418993280116635,0.04279026673587116,-1.414135046288175,1.8732284465551108,-0.8893611116548872,0.12664527649130553,-0.5248022379604016,0.06359442922373659,-0.11075885124040807,0.01200160326782107,-1.5772661358133497,0.03736860411646037,-0.21997692651733436,-0.16350213242255385,1.6608086847924621,-0.09204781024509656,1.5796559161753572,-0.8893528139716028,-0.3684511441620414,0.9977388664071808,1.2652895673383,0.22478129562863047,0.9323325899420318
numHidden 	10
numGenes 	93
minGene 	-1.0
maxGene 	1.0
popSize 	100
maxEvaluations 	20000
mutateRate 	0.12
mutateChange 	0.35
seed 	1523903452395
random 	java.util.Random@7eda2dbb
neuralNetworkClass 	class coursework.ExampleEvolutionaryAlgorithm
Training Set Training
Fitness 0.029770987188274554