-2.515168259069055,2.7340975264859946,1.0230437644126507,-1.5175264716153618,0.7029590959715577,0.7168612875362994,2.275642307277397,2.3651311996364335,-0.8830573477634887,1.8179422241743213,-0.2945310362874894,-1.9812540969917278,-2.0233902644352306,-1.4772603541120473,-1.8152257771312335,1.5322406809451872,2.393194393384004,-0.11149778258136385,-1.9573264152694547,1.0742689151472629,-0.5977643508103685,0.7913643970158759,-0.6059476406601447,-0.9989473971350475,1.7244286073954838,-1.7766985062573553,1.0478656317841768,1.3496277368103957,2.14190164704352,-1.2580814883708922,0.019917501294278495,1.7192220781184389,-1.7555079222936696,0.9224754894740945,-2.6439358789168055,0.28372085075839254,1.7752108681198902,-0.30446390915789046,1.3901464812890156,0.0559108102487631,2.916191138253213,-2.6748904790856,-0.9331860408091885,-1.610571363258172,2.106027112177263,2.491140233465025,1.9027648596308007,-0.9429268308722141
numHidden 	5
numGenes 	48
minGene 	-3.0
maxGene 	3.0
popSize 	10
maxEvaluations 	100
mutateRate 	0.05
mutateChange 	0.05
seed 	1523821210295
random 	java.util.Random@24808bce
neuralNetworkClass 	class coursework.ExampleEvolutionaryAlgorithm
Training Set Test
Fitness 0.2971039462303974