2.239218370471857,0.15042825242062818,1.7993068452296743,-1.0777216156590046,-0.44012892450335084,-2.1148492755062436,-2.247540397555465,2.1311248743490028,-2.576025004548651,-1.3696941815675612,-2.146124074538905,2.6088379656211247,0.901672393803528,-0.5280058207575351,-1.9562195868710202,1.4309691453172277,1.0933194838901432,-2.5123072310594488,-1.5913297367238453,2.0247191817254384,0.636154897177807,0.646005619611016,0.14243278615203758,-2.3280667435160325,-1.939780390539245,-1.2953041264909142,-0.07239623142996354,1.6884465980038117,-1.0788521374067557,0.9763239811777633,-1.515490501372266,-0.9885890879642742,-2.850433118297505,-1.3977020180458943,-1.958107902698685,1.541463703326265,1.0564469355153854,2.935130435860012,-1.8240202502037814,-2.660663258788306,-1.3291463794989269,2.775178059552572,2.8458204727079552,2.166736531212363,-0.9388333023657012,1.5421243659230779,-0.47893943598609834,-1.3609377230880872
numHidden 	5
numGenes 	48
minGene 	-3.0
maxGene 	3.0
popSize 	10
maxEvaluations 	2000
mutateRate 	0.05
mutateChange 	0.05
seed 	1523817411116
random 	java.util.Random@48fb5c99
neuralNetworkClass 	class coursework.ExampleEvolutionaryAlgorithm
Training Set Training
Fitness 0.28910244875720886