-2.3223524502909125,-1.0053176157587067,2.2611690696529765,-2.7768843760447903,0.8602123917958462,-1.0585773202214468,1.8655592134952512,2.335785474128956,-0.7825491109254381,-1.2907498500354486,1.928534440497299,-0.2021028139638017,-1.161760451685811,-0.6478132129059979,-0.9547890234549428,-0.0866967558680205,2.6286046744253735,0.5246311822064684,-1.3460240638367342,-1.8609870687214856,-2.980454595978358,-0.6357071295080301,0.9978069125155065,-1.5152371845403985,1.628718977953999,-2.5222000860148572,-9.662899372733236E-4,1.1762014284930773,-1.4778090936662325,-1.087786055812251,-1.2723436409074569,-2.4908868583804447,2.5716732721873328,2.3924408770244696,-0.37756613468910843,2.590228553118248,0.9556555396337245,0.4765323842690046,-0.20820638277053405,-2.1125674967626553,-2.194656299849658,-2.381192947976495,-1.3151879138692149,-2.732485446664633,-2.3673686674420655,1.3519197779102683,1.1787494596203965,-1.3290594695858307
numHidden 	5
numGenes 	48
minGene 	-3.0
maxGene 	3.0
popSize 	100
maxEvaluations 	20000
mutateRate 	0.01
mutateChange 	0.05
seed 	1523929113323
random 	java.util.Random@7eda2dbb
neuralNetworkClass 	class coursework.ExampleEvolutionaryAlgorithm
Training Set Training
Fitness 0.13032889729848698