1.4008994995652237,1.600074150693549,-0.26899977046105406,0.7344767447216859,0.18782786957237563,0.8178271901993354,1.207743262488056,0.056719167004393056,0.20909972522129572,-0.623077175749202,-0.17860169525769098,-0.20903696095863133,0.9032391591067278,-0.3346589215813187,0.7506629590552774,1.9302763493611326,1.255890777301771,-1.3377331379391708,0.3783688306606863,-1.6322501687106676,2.1636887079345186,1.0593842075789874,-0.12627601574367842,-0.559165972587891,0.020637104545586538,1.0507351486213432,0.46389460720787334,-0.7429856317816343,0.41716023939722535,0.4298616180931186,-0.05822047200385627,-0.6586537260007084,1.6831738412105857,0.7702100596957252,1.2049883047875665,3.336741224321104,0.7284258767313158,-0.25348462399555305,0.23787775549351686,1.2001881292570853,0.2031144573574991,0.12614326376232798,0.19762007291203476,-1.278165810303861,0.5234575985666831,-0.7624336064052134,0.027926331893251777,-1.1760495855358308,1.6900415004461316,-0.6067327872633762,-0.62939114902981,-0.8012701207457266,-0.20528885139312048,-0.6214451102949685,-0.4126530372648247,1.0895690050205036,-0.5894040158718402,-1.2552640602493337,-0.31589916112475114,-0.6213136575378704,-0.22880924177227946,-1.965468862444801,-0.2768050693282019,1.0646360876391496,-0.1817599053101906,-0.2804137563192931,0.013171271105664628,0.19647571568494793,1.9845035684156045,-0.1056257724017523,-0.565908864882595,1.4770525197157323,1.6263059737673835,-0.7522573574455668,0.786040505785785,2.006074016519156,-1.1678941148655775,0.7228113142745128,0.3411752145775968,0.054333215900268295,1.0071431142393004,-1.672121314173125,0.43471684091266694,0.34366047080073103,-0.979445252476843,0.0754494188404703,-0.10210868187517508,0.4028784480209855,0.25017682424191146,-0.29655265782610984,0.6158784176814174,0.1782389790422022,0.9574613848765916
numHidden 	10
numGenes 	93
minGene 	-1.0
maxGene 	1.0
popSize 	100
maxEvaluations 	20000
mutateRate 	0.12
mutateChange 	0.35
seed 	1523902664474
random 	java.util.Random@7eda2dbb
neuralNetworkClass 	class coursework.ExampleEvolutionaryAlgorithm
Training Set Training
Fitness 0.05954851295236309