2.5422966048983584,0.7269022190782124,-0.7998140645657514,1.4596894888942333,0.8396194358435256,0.3485121060536578,-0.6695830306113215,-2.4940535203892633,-1.7940604439397232,1.8932458606787497,1.812885412633653,1.9999314648493343,-2.2490984652714,3.0434691534150273,-1.4967595253598047,2.0163511920904726,0.11220413307193056,-1.8446284069156678,-1.835017526974313,-1.9753308614757807,-0.06743196162204974,-2.244559487784489,1.4463162754894014,-1.6199149822352292,-1.1031992822599412,0.43966554434021443,-0.4150347965455232,0.02744573363635272,1.877085931387753,0.4981176226911282,1.78731974203453,-2.693841604612393,-0.4970060644680359,2.8152822170806173,2.9404028897529564,-2.184334220720208,2.7785602789830524,1.0117580214077186,-1.6852506032607362,1.6600264264803766,-2.737853692261122,1.1456693688719302,-0.6966034062741238,-0.21337484806270696,-0.9443513708141311,0.3323738190177421,1.0668032654626334,-1.9319738237061446
numHidden 	5
numGenes 	48
minGene 	-3.0
maxGene 	3.0
popSize 	10
maxEvaluations 	100
mutateRate 	0.05
mutateChange 	0.05
seed 	1523821210295
random 	java.util.Random@24808bce
neuralNetworkClass 	class coursework.ExampleEvolutionaryAlgorithm
Training Set Training
Fitness 0.4885768036052957