-0.17033951653769516,-1.6848227888177685,-1.946770824789636,1.2716211238561117,2.993853259638894,-2.1676165114699826,1.7865026163691242,-1.3754957395826455,1.7936008092548406,-0.33430735706440584,-1.9121535154200315,-0.4987095814465966,-0.32376424518608515,1.892858526552628,-1.3276381734152034,-1.972577657484276,2.6441857336879577,-1.167612253770069,1.56548851316776,2.966715052845111,0.33112380926991136,-2.640911613324666,1.922448787739138,-0.5222042853963639,-1.9499214216038323,1.8842920692199225,0.7865194880954514,-1.2302966030217553,-0.3353176962599441,-1.4702968488893016,-1.5740389654431608,2.611783273203035,-2.6799880401983076,0.1039095534602148,1.0079956732737585,2.367178727283,-2.761045202401196,1.0080340022090473,-1.7163291870482325,-0.0055499920022756,-3.0360416072684258,0.5495393433249512,-0.8624075344568373,0.8932436090494416,-2.476603797807486,2.3405977832248754,0.05737276811165143,-0.42313605812856636
numHidden 	5
numGenes 	48
minGene 	-3.0
maxGene 	3.0
popSize 	200
maxEvaluations 	20000
mutateRate 	0.12
mutateChange 	0.15
seed 	1523858112270
random 	java.util.Random@7eda2dbb
neuralNetworkClass 	class coursework.ExampleEvolutionaryAlgorithm
Training Set Training
Fitness 0.08713110467967008