-0.1409562562040083,-0.8437509784173178,-0.2852761305858804,-1.1439190983958794,0.983441557083574,2.7376641999581004,-2.2968837174607515,2.542509550031964,-0.887071226142579,-2.56344870257334,-0.8974461505179485,0.6386327169085444,2.3362193635054425,1.395033704927904,-2.5187516146617135,0.7750822312921528,2.19793404599429,2.223513763962611,-2.864364889546879,1.2269276776534912,-0.24767023616360911,-1.3724186345026463,-2.9239888751175833,-2.8938005654974397,-0.4970002960870845,-1.6090505540992315,0.8974762539580143,0.07081820203902955,-2.6507905643697574,-2.022918371886334,-2.1387386105817185,0.24992766281045692,2.401956895547417,-0.5845697274505639,1.011125830039239,-0.4708871025612034,-0.9019363754883309,-1.854790753001899,2.300055412490564,0.44822272132402086,2.6358891901328487,-0.9039083429647574,-0.8924629814462888,-2.214417777382402,1.6942070719828468,0.9331521789820836,1.6974904888114217,1.7204874542248234
numHidden 	5
numGenes 	48
minGene 	-3.0
maxGene 	3.0
popSize 	100
maxEvaluations 	20000
mutateRate 	0.01
mutateChange 	0.05
seed 	1523929113323
random 	java.util.Random@7eda2dbb
neuralNetworkClass 	class coursework.ExampleEvolutionaryAlgorithm
Training Set Training
Fitness 0.10882157613609864