0.6031655645195213,2.921904374769823,-0.19686752603645968,-0.2926319188809021,2.6710761499976634,-2.420235097050703,1.8509518428989493,-0.2724832283882562,1.7439257304148403,-0.8578858023862681,0.2890113728752201,1.203772193537552,1.0338671474631562,-2.2885958515500233,2.1720105810842565,2.846482149477711,-1.3168181246382689,1.0244726017433479,-2.685649788058728,-1.558483502069236,2.615396874275155,-0.5948326226707565,-1.120119155319513,0.9803491471373418,1.0683300938036853,-0.3120474190937488,2.8022303735568466,0.2781791608034915,-1.7677967969135224,-0.7783337950857658,-1.754650463214987,-1.405161977298,1.251574083370695,0.8865683607331358,1.5846046728210472,0.11781537406673755,-2.7278954029190294,-2.015001758299103,2.706561993216434,0.997954561650201,1.095307805456442,-2.430270476696987,0.1779321129453213,-1.2615672528864277,-2.876497915258506,0.07427089718901847,-0.67393006731321,1.7013296291861524
numHidden 	5
numGenes 	48
minGene 	-3.0
maxGene 	3.0
popSize 	10
maxEvaluations 	2000
mutateRate 	0.02
mutateChange 	0.05
seed 	1523856104766
random 	java.util.Random@e20ac38
neuralNetworkClass 	class coursework.ExampleEvolutionaryAlgorithm
Training Set Training
Fitness 0.16294086528189727