-2.0449503219430087,-1.500762988746304,-0.5416531777070046,0.9139342297386343,-2.0700219513414835,-1.4966934392869322,-0.44186387516272374,2.4930454459303752,-3.5158637530607604,4.28590290222637,-3.34440947955595,0.028859726232710936,-2.2551696442512488,1.6970835785381477,-2.311885113425554,-0.6903072087846366,-0.3018971156369523,3.7471395203242133,2.963165360752818,-0.5023529001512508,0.39523794780199073,-1.4915924637615077,-1.5557031502438008,-0.5010693560982078,-0.5704490818338431,1.1103690500788568,-2.6430608053910056,0.21802932691503885,2.6258806514233437,-2.3192476555996695,-3.8217371872478787,2.156445121111045,-4.527690354251249,-2.0661227613858912,-0.9160612646133922,-2.5795037332322264,1.3044463380307576,0.5662413109841764,2.913598508823349,4.246284183147982,-0.7123473852834253,0.5006519573204271,2.51077532194333,2.4847322755443075,1.3498450926702628,2.3535675975660175,0.9902261299213505,1.1421707573817148
numHidden 	5
numGenes 	48
minGene 	-3.0
maxGene 	3.0
popSize 	100
maxEvaluations 	20000
mutateRate 	0.12
mutateChange 	0.35
seed 	1523900022128
random 	java.util.Random@7eda2dbb
neuralNetworkClass 	class coursework.ExampleEvolutionaryAlgorithm
Training Set Training
Fitness 0.056721379606945795