-2.8440949156427697,-1.6133630868311006,-0.5340290945524684,-2.653017272614645,-2.092770890881437,1.0020225527104998,-2.497348342999686,2.0254699517741495,-2.844411804364118,2.382981111525166,-1.5503907757713828,2.4778559821236774,-0.9139935020632803,2.016775840788494,2.78367437445141,1.1792117763922212,2.521136500605767,1.671942415073894,0.6569758322378187,2.086671333714137,0.3771437640224291,-1.5447915619168502,1.758635699551996,-2.0670175859136597,-1.8993922061798507,-0.4735255207242024,-1.6332722040913918,2.3209128040993043,-2.864306555089814,-1.212575335387089,-0.6315342363572878,1.6987245340276438,-0.06235233968882525,2.4729993359599582,-1.4378667650414587,1.5793496833715952,-1.047032851178686,-2.073859085882704,-2.3226836624767353,-1.1641742689487093,-2.62161284151942,-0.27511113441520135,-1.3394536264157877,1.0129672298317682,1.8901302110900717,1.7570789250277503,-0.828494770076772,1.3401728528949546
numHidden 	5
numGenes 	48
minGene 	-3.0
maxGene 	3.0
popSize 	10
maxEvaluations 	100
mutateRate 	0.05
mutateChange 	0.05
seed 	1523821210295
random 	java.util.Random@24808bce
neuralNetworkClass 	class coursework.ExampleEvolutionaryAlgorithm
Training Set Test
Fitness 0.35608820702156646