-1.1518103913242563,1.8863845917123019,1.2221775026879649,1.110373389429197,-0.42932547185348247,0.24708871514677055,-1.6799823348961982,0.0338394813975752,0.18457268265076787,-2.3438429559879395,0.15704310827857781,0.5110082325010025,-1.2093764790052361,0.8086126069132736,-0.5158913282909564,1.2583188363028852,-1.5352416538412323,-2.16585212222286,-2.4702921997111287,1.0617552044495002,0.9160837655571573,-0.4973885850497479,-0.6407303264563462,1.9339492909098683,0.7440418787456459,1.8087654797198018,0.4766745691076174,0.918181377543951,0.6180711595670833,1.8177025005564724,-0.41687532541411276,-0.9235935317815046,1.1181012514987851,0.8333590519063933,1.5166727207584283,-1.3693551798567154,-0.060424846238781416,0.5818315198763696,-2.551886560951003,0.9370087620631579,-0.5770890019432953,-0.5588116876559879,-1.82238003009375,-1.6802724998447824,0.6690679673325565,0.48636262753625825,-2.5091697007945744,-1.0498447759705565,1.0766234975639353,1.7224230250829655,-1.115530467205996,-0.23703702831944728,0.026853797137313618,0.23654538321726337,0.6589487729773015,1.20057108738298,0.25337089316333994
numHidden 	6
numGenes 	57
minGene 	-2.0
maxGene 	2.0
popSize 	100
maxEvaluations 	20000
mutateRate 	0.12
mutateChange 	0.35
seed 	1523927463559
random 	java.util.Random@7eda2dbb
neuralNetworkClass 	class coursework.ExampleEvolutionaryAlgorithm
Training Set Training
Fitness 0.06073043295068381