1.089000043115239,1.8016630887103966,-0.48013629173331207,-0.31015689948149294,-1.5457805587748905,1.1762487842529945,2.0370898451539823,0.7417680994256775,1.4242677317175536,-1.7774677798710559,-2.8582779153314153,-0.4439894312972461,1.4634408611272063,-1.577700676629847,-1.4565985985556442,0.35111939762031447,2.925069598186428,-0.3984883228819709,0.4525912589532696,1.1666522934219234,2.5869063521332754,2.1102093412539267,2.6463596225429473,2.7965990704575434,-0.10226206613639759,-1.6775369306667007,0.7165239043083282,1.7215586699609373,-1.8952544975610484,2.2746261416521536,1.385108732417664,0.7280373117314818,1.0588637847202138,1.822243634842951,1.5435486308607684,-2.690905324743482,-2.8893730815816268,2.9455889885803703,-2.668945917319224,0.3339221040676934,0.7117251770219406,-1.6290967872816042,2.6640412687067547,0.3547986759213049,-1.0222742670764993,1.1490263814773005,0.6625140216803356,2.5382289102523465
numHidden 	5
numGenes 	48
minGene 	-3.0
maxGene 	3.0
popSize 	10
maxEvaluations 	100
mutateRate 	0.05
mutateChange 	0.05
seed 	1523840504152
random 	java.util.Random@7361081c
neuralNetworkClass 	class coursework.ExampleEvolutionaryAlgorithm
Training Set Training
Fitness 0.3178848621665533