-0.5913345430050305,2.745073246976057,2.6298935154849374,1.8310504840645212,2.5636236039878693,-1.541174242994804,1.8090957639019491,-0.7126761330193083,0.35852526814396146,0.23551344756211207,-0.5646543068683652,-0.7943007049642452,-0.022966726692760453,2.1273661326932585,-1.3968107925748758,0.2731737446752196,-2.273785587572256,-0.6495450041836344,2.2424199720276734,-2.4856801338115595,2.563494631962744,-0.45568642069543747,-0.7166065897612417,-2.518612963150935,-1.0608497628763376,-2.6146868388447775,-0.42516394654504736,-0.5120077907842155,-1.0413811036874692,-2.027570966815933,-2.419889971842583,-2.0185903585735017,-2.590847815414124,2.278652823544256,-0.2381152314771784,-2.4331745141771983,1.9730592114054113,1.2734037721723608,2.7366476438821934,0.15278306614521764,-2.0349662599515943,-1.5290873301708596,-1.3105291379101769,-1.1195951009591485,-1.3662179557216396,-0.3533491407853768,1.0359368686572725,-2.320163407194368
numHidden 	5
numGenes 	48
minGene 	-3.0
maxGene 	3.0
popSize 	10
maxEvaluations 	100
mutateRate 	0.05
mutateChange 	0.05
seed 	1523821210295
random 	java.util.Random@24808bce
neuralNetworkClass 	class coursework.ExampleEvolutionaryAlgorithm
Training Set Training
Fitness 0.3052590211710721