-0.9060909673692294,-2.1859439245556356,-1.613876981297019,-1.120400807604192,-2.0725588634767225,1.0943813545950576,0.9157660256767557,-2.386928635550331,2.800341294766448,0.07898144255579664,-0.01633859972964942,-1.9096810501036328,-0.22195621487852701,2.7043769967672304,-0.9790200154659554,1.6605853180309122,1.2057385525930144,-1.6078238939157428,0.5217208471114585,1.3747505435167584,-1.9773880016690433,0.8005767400269992,2.6186180967725603,-1.755185180642091,1.8808970972926715,0.5194609746929228,-1.6925297869719516,-0.9733665611850171,-0.9964735722183831,0.9691957993640825,0.5195354013228526,-0.11546527792260175,1.1141309526405623,-2.8728947717409987,-0.003670006601676601,2.478128542859017,0.35680128001562617,0.3933237329039054,-2.895514173873522,0.12484331299677898,-0.8840865870501471,2.8069320382554386,-2.5609876789364336,1.703274059985608,2.754772289558465,3.038686262346409,-0.7572725688227386,-1.189838456605445
numHidden 	5
numGenes 	48
minGene 	-3.0
maxGene 	3.0
popSize 	200
maxEvaluations 	20000
mutateRate 	0.02
mutateChange 	0.05
seed 	1523856320560
random 	java.util.Random@7eda2dbb
neuralNetworkClass 	class coursework.ExampleEvolutionaryAlgorithm
Training Set Training
Fitness 0.10436859740354854