0.8760321469214544,1.8891120898258835,-2.5117035415001143,0.41213352978231066,-2.1650023774104485,-2.028087243468422,2.1445478628969887,-2.1083097221638303,-2.439136926837211,1.050280003163639,-0.06483110501451561,1.2655814826937497,-0.9820185993405302,1.4783913516240124,-0.8372089807780734,-2.937620618026023,2.660425752539272,-0.9726500323285193,0.06830340944046273,-0.10079146153362775,2.125103196656752,-2.366948597735979,3.1778752073852665,-0.8234060032295161,-2.5265938032503708,-0.7143024539288735,1.6697270147260923,0.20510763860770123,-1.7647097971497225,-0.309340588975091,-1.2759236095487299,-0.6341638107204035,-2.9283905278906244,1.5335126570488282,-2.367149303114595,-0.5529046111656298,2.167612771218787,2.2528754377597484,-1.7186183895982727,-1.3396366277675555,-1.5451634195812998,-0.5935614978238559,2.7473482673170295,2.6442799305798017,0.5058654402149063,1.786190265310466,0.2661081853353575,1.954792647211054
numHidden 	5
numGenes 	48
minGene 	-3.0
maxGene 	3.0
popSize 	200
maxEvaluations 	20000
mutateRate 	0.08
mutateChange 	0.15
seed 	1523857107034
random 	java.util.Random@7eda2dbb
neuralNetworkClass 	class coursework.ExampleEvolutionaryAlgorithm
Training Set Training
Fitness 0.07379623496188893