1.7969743033507886,-2.7943228854230933,-2.4840727241106317,1.8809301511945897,1.5152070165558822,0.7520724928592579,-1.7555091241742595,-0.14634432515102525,-1.1321609683479728,-2.526008572890286,2.2183833710410674,0.47034547240373087,-1.6320156555360117,0.0778412815421599,0.9521187364553327,1.240551915138969,-0.15945072791303672,1.7604047544532193,-2.009109012625667,1.3824943187008027,2.342859810046466,0.5575662399913004,-0.2654458079277198,2.1371534456892656,0.35133372949266617,1.2012308765658481,0.2991908568008732,-0.526838997269131,-1.5817945105278488,-0.3332624307316152,0.25170533889996705,-1.0594745245792097,0.93903561107745,-1.6303583029136985,1.1847831180153383,0.6391883762771284,0.28086407734859886,-0.1419781144812604,-0.29722877553343396,-0.25143981785581965,0.25257006659098896,-3.0360177887176434,0.871123698065432,-2.452115438252067,1.1553928507881652,1.479076160803185,-0.9140887067890735,-1.451502337286124
numHidden 	5
numGenes 	48
minGene 	-3.0
maxGene 	3.0
popSize 	100
maxEvaluations 	20000
mutateRate 	0.01
mutateChange 	0.05
seed 	1523929113323
random 	java.util.Random@7eda2dbb
neuralNetworkClass 	class coursework.ExampleEvolutionaryAlgorithm
Training Set Training
Fitness 0.08843130382998071