0.5606645735398108,-2.916400163935795,2.3750785097219698,-2.520413638945944,-0.593707995888419,-1.9689242165362262,2.172438229156522,2.1092489359699735,0.8897662655734264,1.3667847301185596,-2.0322267267752254,0.6889602533293668,-0.04467275377359803,-2.2947272572262984,2.7066712360550147,2.1522628147441356,2.4345699761819013,2.048400904876593,-2.1481748074061624,1.5548881967276134,2.1740376203266827,-0.7718527966835591,-1.2533948626575,0.5449067459720134,-2.1697250315164665,2.470307650540449,-0.6966489965198921,0.46809781909154463,1.4346402503495241,2.536227915755407,1.9562993720108417,2.5591402392944262,2.039254420369918,-1.5880665419133915,-1.2155902125565623,2.2581185757759243,-1.7957632342331091,-1.4272433079714373,2.9698388639741014,1.8490053478097266,1.9622811532585824,-1.7530268060764622,-2.6814372909247233,-1.8009955554224637,-0.4911762516894824,3.028645827532988,0.20530005073856739,-0.8449511688153937
numHidden 	5
numGenes 	48
minGene 	-3.0
maxGene 	3.0
popSize 	200
maxEvaluations 	20000
mutateRate 	0.08
mutateChange 	0.05
seed 	1523856724615
random 	java.util.Random@7eda2dbb
neuralNetworkClass 	class coursework.ExampleEvolutionaryAlgorithm
Training Set Training
Fitness 0.12014937460777306