-2.4327368024625966,0.16007354241631866,-1.7600561689091638,2.285422246052491,-1.9840862658329517,2.972885618638056,-2.635227690289143,1.281903037300217,0.021056847300699122,1.7597966632984523,2.091364219311168,-0.02675591139664668,-2.23808826884421,0.0197563788754751,-1.9680883790869232,2.647307406770288,-2.5164214196021706,2.8120981786126436,-0.008452885757328499,1.5782194767752227,-1.091495079854127,-1.0588633619736765,-2.4557697605884856,1.390609037371954,-0.4449745100101783,0.4878232452703877,0.5215361833159315,1.3048092655503583,-0.1742952946724512,-2.1309344124130702,1.7214120187797217,0.5989006263131587,2.976262750684633,-0.34976782854588206,2.8607676031064155,2.887142634589061,-1.2385898986680293,-0.6812071786487373,1.950061201093976,2.015514411602945,0.6769627914073797,0.1469600587061386,-0.14016181918809245,0.513758327938266,2.2781582937838616,0.12862542014919498,2.87847966235089,0.6194867657595848
numHidden 	5
numGenes 	48
minGene 	-3.0
maxGene 	3.0
popSize 	40
maxEvaluations 	50
mutateRate 	0.01
mutateChange 	0.05
seed 	1523686433459
random 	java.util.Random@3117fbf5
neuralNetworkClass 	class coursework.ExampleEvolutionaryAlgorithm
Training Set Training
Fitness 0.18749657326661534