-1.5033541615120085,1.2282448896853655,-0.9338930866693796,0.9521623980556961,0.27106200276524195,-1.348274176927771,-0.37974474198941577,-0.8491248886229396,0.33658262616537027,0.9277681912862473,-2.0647871629377095,-0.8280675969188233,0.23690724019284104,0.8849377478477126,1.6969851750743397,1.58397788044374,1.0697770604936294,-0.7674410506202413,-2.0699256968540767,-1.9375073586556866,1.9851298577579057,1.2706967647904444,-2.3145207228521922,-0.9015628824744649,0.9829627824146879,-1.7961415183284863,-0.7135526555355619,0.29608194958816314,-0.5090272696443674,-1.0493299968392749,-1.5150334620517873,0.03525589845484456,-0.19299268427043714,0.9964890592475274,1.1741736376780647,-2.107907411373425,-1.9053367336043303,-1.6704824860415664,-0.6072837355817418,0.3925859982808668,2.2048991174897927,-0.14242867028724404,-0.009148328170731412,-0.654437721967498,2.457979053278272,1.7892879611910808,0.3966726995512223,2.031437263323731,-1.1733598452003262,0.7563404718244642,-2.2238890013199315,0.15757650608310558,-1.2218774778366783,1.6520438862553348,1.3194523096044795,1.2701918045646323,1.5605736297955715
numHidden 	6
numGenes 	57
minGene 	-2.0
maxGene 	2.0
popSize 	100
maxEvaluations 	20000
mutateRate 	0.12
mutateChange 	0.35
seed 	1523927463559
random 	java.util.Random@7eda2dbb
neuralNetworkClass 	class coursework.ExampleEvolutionaryAlgorithm
Training Set Training
Fitness 0.11403506321240846