-2.2376011527976756,-1.6940774482329561,1.5453668227104131,0.3760501537791683,-1.9625143940375758,0.003175341212266772,1.4391321633694851,-0.833892669037529,0.2774756835441372,2.106430598274251,1.9870215078026394,2.65496506398281,-0.8177295927630517,1.6051435783545704,-0.6715938926903495,2.3477302308387404,-0.20297557125548105,-2.998161628472036,0.42449794263651874,-1.068587513505072,-2.8563131774455695,-0.5058691721632194,-2.772842815051731,-2.93026374258574,-1.5276055336071213,-2.7354571028719397,1.6059967841718654,0.514453581736726,-2.9674389500727596,-0.7448084266504875,-0.578285530994465,-1.0407351841840866,-0.9009534021146091,-0.9131349766173609,-2.062125032229675,-1.236366503551569,-0.7381544181819886,-1.798085045859498,2.7551630396125812,-2.4875528491230603,0.7982742685041466,1.567820180535796,-1.3685746912867351,-2.496347829570067,-2.50531470951077,-2.5768062697682614,2.717617082412139,0.4196607529361316
numHidden 	5
numGenes 	48
minGene 	-3.0
maxGene 	3.0
popSize 	10
maxEvaluations 	100
mutateRate 	0.05
mutateChange 	0.05
seed 	1523821210295
random 	java.util.Random@24808bce
neuralNetworkClass 	class coursework.ExampleEvolutionaryAlgorithm
Training Set Training
Fitness 0.3389581946297656