-1.5665907095302365,1.3802446514804103,-1.8555648040629853,1.6816436415907576,2.092700214617774,2.4128303273822906,2.1073372811142743,-2.0817071563886835,-2.6659543843196785,-0.5378591241586896,2.4433640446500657,-0.6559200280084738,-0.07520800622023316,1.8582087993867855,-1.832982063926558,0.8958513941607278,0.4027798425427022,-2.9494574955849466,-2.59422720398958,2.2448566839357413,2.7130459030996583,0.5458648304972362,2.549706067306624,-2.2567767521573625,0.7874727983437009,-2.650375666353213,2.0024228939997455,1.759645223286678,1.781631856824478,-2.474184070440084,-2.5214307576527224,0.17956867073148075,0.6920475564790856,-0.16699040528632336,-1.6540273651373212,-0.21773828409575158,1.323599637634219,0.7253449786180755,1.2006756504189824,-1.918230449671773,-1.3892391764806316,-2.174392033576606,-2.2091322000138423,-1.6691350270005185,-0.032147261429848584,-0.5166347809021437,-0.3790461662296217,-0.2632913421570171
numHidden 	5
numGenes 	48
minGene 	-3.0
maxGene 	3.0
popSize 	10
maxEvaluations 	100
mutateRate 	0.05
mutateChange 	0.05
seed 	1523821210295
random 	java.util.Random@24808bce
neuralNetworkClass 	class coursework.ExampleEvolutionaryAlgorithm
Training Set Test
Fitness 0.2567384319147699