1.4282121273169857,1.3014741157025753,-0.3984813904422646,2.9054300850898986,1.9078933585178284,1.0696957989730869,-2.7887145312940946,-2.910469883073438,2.877473789659268,1.3696158008998882,-1.923747020451793,-2.7600033790425824,-0.4771799934904699,-0.14827546823103993,0.7114181823449828,0.5501490521583035,-0.9261967329691718,0.3651863118562497,0.8049568340531346,2.273222792588152,-2.0945352771504213,-1.811809228551927,1.7796739022698989,-2.3877655564087217,0.6554143508463586,2.47043316974099,-0.622214591905137,2.2891832005044908,-2.231953219583071,2.3927404989938923,1.2395768456701735,1.2945006298278612,1.9054534763399067,2.3250324848945434,-1.7554708321498826,-2.137410784918483,1.431711015326667,1.3774784838584744,0.41905036598562084,-0.9982925080972902,0.28151695924939923,1.2408823658650585,2.1379978248963543,-0.3236170937804048,0.9659453352886098,1.801000707883633,2.157723722928961,-2.552043914544888
numHidden 	5
numGenes 	48
minGene 	-3.0
maxGene 	3.0
popSize 	10
maxEvaluations 	100
mutateRate 	0.05
mutateChange 	0.05
seed 	1523821210295
random 	java.util.Random@24808bce
neuralNetworkClass 	class coursework.ExampleEvolutionaryAlgorithm
Training Set Training
Fitness 0.24495506280730386