-1.5335481465966185,-1.0085417826176202,-0.48153824162199765,-1.902809368397064,1.6380227759328148,-2.4356177144105686,0.7267193252746914,-2.6534609290074918,-2.121521720054924,2.0535498861399724,-0.9651966701181715,-1.2311573605197155,-1.1640880549718808,-0.7717421466463764,1.6665035718265964,-1.4401084763283674,-2.3024159304803185,2.2459040094087,1.927062136466835,-2.6289566162995324,-0.31407555957901345,-1.456087682327456,0.7903092042236555,-1.9338910979901183,0.6219728684332954,-0.19604809576758564,1.8335715393128043,-0.5772808823743146,-0.5307482606964309,-0.8281698235952007,-0.3366582581106622,0.9213616559071909,0.6644825494189841,-0.9316608251364512,-0.4108714289408497,-1.8594335666402477,0.03820022149673108,1.8095587135744458,-0.6834719697834172,-1.4580786040205482,0.7799367369275273,-2.433723837138571,1.5268465023516598,0.01762650201814253,-0.7719422869632221,-1.5379146970735929,2.0416786794026023,0.9129715865400222,-0.4853202302733688,1.5476406041989592,0.8249586576149293,0.7846462961876047,-1.0445644244020884,-2.475992168034991,-0.6064813921398032,1.0196843998644378,0.5769585591444799
numHidden 	6
numGenes 	57
minGene 	-2.0
maxGene 	2.0
popSize 	100
maxEvaluations 	20000
mutateRate 	0.12
mutateChange 	0.35
seed 	1523901731728
random 	java.util.Random@7eda2dbb
neuralNetworkClass 	class coursework.ExampleEvolutionaryAlgorithm
Training Set Training
Fitness 0.006895976546722969