-1.1877442548130612,-1.1566287594339675,-2.3635939962205237,0.45370481537643315,-0.17780154320226238,1.586280188426807,-0.1970051108844273,0.7922321833172097,2.8886467306353536,1.708088490441808,-1.163530445712694,-2.0109865158216156,2.886429176519198,-0.0754714472032294,2.6608969501733313,2.7002089035273213,0.6527279156766266,1.095598929885048,1.2983785734401803,1.8792536840498215,-2.0450471184267434,-0.26461556761792515,-2.335214490823903,1.535796360000976,-0.8144501967663187,0.8021398378633418,-1.731210651890652,-0.22281031899509784,0.0598058589932684,-0.5260998421757019,2.335366655323881,-2.9249000502310354,1.2548225216541784,-2.86364088973919,-1.3691813771666124,-0.9349649656322061,0.2774371450261359,-0.48124911396337744,2.7096998848870335,1.7393266928264097,-0.11401709380029956,0.8099454889289621,-2.5650820548602873,1.6343346848486133,2.1153877913702095,0.6709580434896307,2.440615519353136,0.5403779198351399
numHidden 	5
numGenes 	48
minGene 	-3.0
maxGene 	3.0
popSize 	40
maxEvaluations 	50
mutateRate 	0.01
mutateChange 	0.05
seed 	1523686433459
random 	java.util.Random@3117fbf5
neuralNetworkClass 	class coursework.ExampleEvolutionaryAlgorithm
Training Set Training
Fitness 0.1810314914090374