2.437199656693805,-2.7741227005349613,-2.031017826005845,-1.0423010502536514,1.8049658391577896,0.15725929875614764,0.9698486676648939,-0.9278726568757865,-2.8771757953859973,-2.2976581316638356,-2.9209444244636735,2.5493166748214326,-2.527815811630801,0.48902288723321324,0.7754207991407391,-0.6745666460336581,-0.014253298199012665,-1.1526820835368259,1.0486548820252386,1.5369499774466266,1.440532249415221,-1.1466305285271488,2.306836041662435,-2.3804761220940653,0.09501192892318037,-2.34039153740944,-2.6162532349478234,-2.4182554083858028,0.8505058477313527,1.9969955640420698,0.18697305508950562,0.31760428479950287,0.16037251891961635,-2.6619981282805503,-2.185214261409354,0.9680308963644189,-2.858630391737605,0.5492212763530695,-1.6055747321161258,0.3258084823861225,-2.440070783437335,2.19024437305566,1.2065255080940602,0.099691195278327,-1.8780509409084019,-0.3193425068380291,2.6100189685875526,-2.137495276585309
numHidden 	5
numGenes 	48
minGene 	-3.0
maxGene 	3.0
popSize 	10
maxEvaluations 	100
mutateRate 	0.05
mutateChange 	0.05
seed 	1523821210295
random 	java.util.Random@24808bce
neuralNetworkClass 	class coursework.ExampleEvolutionaryAlgorithm
Training Set Training
Fitness 0.28728011037478085