-1.274451969847375,0.41699525506602964,-0.4754085242538905,1.8940445815615776,-2.1576375073971272,2.030093529385489,0.16766378940155402,-2.342408098958683,-1.4427323284779312,0.09056590685316035,-0.9384349510158225,2.4557247111130556,-2.57152665856556,-2.1550732921094298,-0.3018535173338224,1.2681655649506407,-0.008693497777151116,-0.8293654712412937,-1.219346066761082,-0.5326231235681564,1.2908616780256166,1.2144381976181737,0.08990880826694969,-2.1350158121805016,-0.22648155693787803,2.659947103101195,2.6345195753292803,1.9016017712082913,1.1981029710430988,-1.9000491018498233,2.8589903366928633,2.079610542813267,1.3130214778454121,-2.028563051754907,2.587885866743089,-1.9103929563422415,2.968737104522347,0.48117113792627925,-2.4239862708269824,-2.8800831710530908,0.09550969238483109,2.407135581230059,-1.0361222051329555,-2.0352643598199434,-1.7756355094053278,1.9060340320268534,1.1044548314765055,-1.1898660856164665
numHidden 	5
numGenes 	48
minGene 	-3.0
maxGene 	3.0
popSize 	10
maxEvaluations 	100
mutateRate 	0.05
mutateChange 	0.05
seed 	1523821210295
random 	java.util.Random@24808bce
neuralNetworkClass 	class coursework.ExampleEvolutionaryAlgorithm
Training Set Test
Fitness 0.334165629975875