-1.3774711487040707,2.218273117668074,0.7759880293666309,-1.7748146451211282,1.1846944381766313,-1.9929925151847208,1.7265292215778332,1.834593444741898,-3.0080214834221484,0.5302395868047665,-0.13105056982690744,-1.897838701958972,0.001968980176565771,1.0760462225687462,-0.7618875269439608,-1.8911125811971563,1.4511486334389017,-1.4645996836953659,-1.2571008440455724,-0.1507894645214113,-2.237594316469637,-0.4389275131991488,1.2694787408329935,2.1792075547155236,1.6042860088667674,0.14062765635836438,0.38815480128689794,-1.0697920900141185,0.31644329122034043,0.8252486996612817,0.4965164859631094,0.21748896175304056,-0.2814669780593996,0.0026687836547116817,0.7681792950646783,0.4340876331706809,-0.8848769520808155,-0.2062113436527142,-0.2522457219422841,-0.006212038785075813,0.8057648541499091,1.743457240870383,-1.4681752276655713,0.2335200383463668,-3.1709312167733796,-2.6695569410417277,-1.108151347185225,1.4480474668804133,0.955260072441755,-2.0707632788576626,-1.4211453398806748,-1.244398843261576,3.4354631736914025,-0.63724205802692,0.16933200474327925,-0.4098522483327707,0.028826779130966873
numHidden 	6
numGenes 	57
minGene 	-2.0
maxGene 	2.0
popSize 	100
maxEvaluations 	20000
mutateRate 	0.12
mutateChange 	0.35
seed 	1523901457263
random 	java.util.Random@7eda2dbb
neuralNetworkClass 	class coursework.ExampleEvolutionaryAlgorithm
Training Set Training
Fitness 0.015972171351166495