-0.5733984467622608,-1.8941322426617218,2.580209963477467,3.0942217447605844,-1.7791803839801341,2.5552661909059164,3.7748050990802944,2.0136980838669403,3.108869037112717,1.168053945220326,-0.2230138868697481,-1.196091559145139,2.0639268481832516,2.2105562947584754,-0.29837405247502624,-0.19711270262230973,0.8868085626352676,1.6889352097948729,3.2681825516283447,2.5442909062768537,-0.8576340591817336,-3.30599535254572,2.327592639116078,-2.628669204312097,1.0761683004656604,1.7557830123567366,0.016833654084418948,-2.265687840841756,0.8075606743800163,-1.6905258326701245,2.4425494428534913,2.721523309746006,2.465280324136512,-3.056384870897643,2.7608271088107053,2.9907459157076386,0.15187910619031653,-0.9937514149491319,1.4726794970096737,-2.1076100129565405,-3.9729381645588924,1.9512120015238876,1.3717149292372457,0.47646594027805,1.6344651534695522,0.3669014706831514,-0.7887241724882894,-0.8731087073001502
numHidden 	5
numGenes 	48
minGene 	-3.0
maxGene 	3.0
popSize 	100
maxEvaluations 	20000
mutateRate 	0.12
mutateChange 	0.35
seed 	1523899834865
random 	java.util.Random@7eda2dbb
neuralNetworkClass 	class coursework.ExampleEvolutionaryAlgorithm
Training Set Training
Fitness 0.050091823795370596