0.7974499366644032,0.13601865114860062,0.4397955155553892,2.5019223895675484,0.3163605731312762,-0.10911036597984403,-2.7844658810429577,2.329925416728795,1.51581230512281,0.8094995574348005,1.4282284371484684,0.3167330487003568,-0.7452882028410199,-1.4134873891893958,1.2357285660658768,-0.8005740577668163,2.9416081213241903,-2.237908644887023,-1.1472497465997598,-1.7275477625144637,2.3865600515842615,2.0714252233193724,-2.330695374318754,0.8781505491605093,-1.5812330802969015,2.307982040812843,-1.108081267200471,1.6330111455731693,0.4979811919533432,-0.6891769611169423,-0.8379727184782559,2.8685701562856787,-0.3776758908791294,-2.079696120219107,-0.875720006034097,-0.8064355164879005,1.8472411336294776,-0.5820301750630628,-1.626637265821053,2.8992118972860803,0.5799382317409341,-2.624560949042467,2.101295890008637,-2.8677892488387657,1.550753481098462,1.9835485288083294,-0.35197348267967854,-0.5997060592935524
numHidden 	5
numGenes 	48
minGene 	-3.0
maxGene 	3.0
popSize 	10
maxEvaluations 	100
mutateRate 	0.05
mutateChange 	0.05
seed 	1523821210295
random 	java.util.Random@24808bce
neuralNetworkClass 	class coursework.ExampleEvolutionaryAlgorithm
Training Set Test
Fitness 0.36546644660643385