-1.5077605565281176,0.8939270631672567,1.3589747499051228,1.461562332318751,1.5475473112017177,-2.1262903695859316,-1.1046474377411275,2.9436612279203658,1.6281886477723562,0.5030229722565278,0.8692010806702983,0.15008050433019537,-2.821277422709353,-1.6003134710871565,-1.3400878122606679,-1.2502304010715162,1.7267825166792363,-1.725357469947516,1.650581404689298,0.1953498507083049,-0.5681412989486541,0.11353497014260716,2.0119477189988757,0.14762636548727617,2.7308202698382846,1.6172319929173504,1.3188817722971384,-3.0091058122335523,1.5075559740679239,0.26997970349086753,-0.8944874933028852,-1.8776185942213524,0.8809118598556787,1.267548568088162,1.9506331613703594,1.1315843532171934,1.709398909112841,-2.8110947248965417,-1.1919316836425404,1.3051783912082955,-1.7470573941959535,-2.766385531088434,2.3072361338532623,2.900606018672952,-0.5887577653890927,2.823347202437011,0.89718446837513,2.9263688980127345
numHidden 	5
numGenes 	48
minGene 	-3.0
maxGene 	3.0
popSize 	10
maxEvaluations 	100
mutateRate 	0.05
mutateChange 	0.05
seed 	1523821210295
random 	java.util.Random@24808bce
neuralNetworkClass 	class coursework.ExampleEvolutionaryAlgorithm
Training Set Test
Fitness 0.44577255398574944