-0.9452947725777783,2.009817886022753,-0.35739387768027076,-1.9166215772035706,-1.2876420634911256,-0.3149178116693823,0.45638483501894883,2.1214558325994846,1.6853263105841743,2.5988610086945663,-0.14002121483703506,0.4052860769080329,-0.2663654050290008,-0.28365063828831827,1.2810104444578945,0.18735932033102998,0.2631397063767011,0.4179852301901614,2.024764546307301,2.9858260233624607,2.589176233253041,-2.5856087843999624,-1.0521609016013194,-0.8030181854891039,-1.0399271940252635,1.520523263885055,2.195950587558537,-0.5860727505786043,2.334986053466909,0.566667467018726,-0.5983933599360876,2.4606186488995396,-0.6696704453683515,1.9000321584459297,0.5748411876282458,-1.4693332522317881,-1.2694551639027238,-2.4669954351512597,2.906879161454242,0.24171488243649736,-0.4701076584780634,0.3156347089980427,2.162919486876853,0.28808912073375376,2.053080041915684,2.2156423466742314,2.956192247092587,0.2309477704743088
numHidden 	5
numGenes 	48
minGene 	-3.0
maxGene 	3.0
popSize 	200
maxEvaluations 	20000
mutateRate 	0.08
mutateChange 	0.05
seed 	1523856845325
random 	java.util.Random@7eda2dbb
neuralNetworkClass 	class coursework.ExampleEvolutionaryAlgorithm
Training Set Training
Fitness 0.11891780131421154