-3.0362990117226367,-0.4381391616015322,-3.146891602862188,0.1396741016245342,-3.8015898807224744,0.5796207139235594,2.0119233684300593,-2.50261853343844,1.5342467305801089,-1.9753115984166305,-0.6450750818948101,2.978155851908753,2.1103940541184834,-1.8519207001377191,2.9824481157715645,2.6887734625060884,3.6528112842385365,2.4451799609273244,-0.8470760706405382,1.0579278312771754,0.02980533949977693,0.2585379486287209,1.8320378102915709,-3.100452686240573,2.9078900710085303,0.2782058232841792,-0.6265846818978131,-2.4349203672811424,0.030134460348704706,-0.6587957777598946,1.7102851247990154,3.2244032359404167,0.3759288718990388,-1.893658769167375,-2.611351978596797,3.5717901132573133,-0.14852798981189508,1.9312384180216338,-1.3999322153874632,0.7288234809893014,-2.4019977815239697,2.061591929520789,-0.45120911354742843,-0.6748081152747546,-1.046976035734848,2.2351163232605584,0.5718248280510082,-0.8738655948658138
numHidden 	5
numGenes 	48
minGene 	-3.0
maxGene 	3.0
popSize 	100
maxEvaluations 	20000
mutateRate 	0.12
mutateChange 	0.35
seed 	1523900364514
random 	java.util.Random@7eda2dbb
neuralNetworkClass 	class coursework.ExampleEvolutionaryAlgorithm
Training Set Training
Fitness 0.09809288448246747