1.891184588896261,-0.4628185815833743,-1.468315496204842,-2.905817485237687,2.272516259431758,-1.8693970594028069,-1.3957729370443872,-2.312601981320736,-2.8030762841599333,-0.15234396597798253,0.44479116287294806,0.7734738809772749,-2.070935989638766,-1.2609651588427289,-3.036864183334631,-3.028756174028649,0.9444768946799424,2.4014276292932877,-1.0451979107998297,-1.5901193005127896,1.0056269712437653,-0.6504418696071571,-0.12469768658111935,-1.4328427847509788,-2.351163050401346,-0.6808945646549818,-1.6548707171431263,2.7952604198842512,0.358164628389674,-2.428154145660773,1.278592810466674,-1.6065219703193108,-2.802062718831682,2.376980195015384,0.6462832530154077,0.6019399094499256,-0.7011478549074268,-3.1471339003395133,-0.3019501256744658,-2.819538405467914,1.9960757895027674,-1.671475555140722,2.946201763461639,-0.978439383453107,1.1980026537526256,2.9876689546203816,1.7803703924913248,1.2353967446862404
numHidden 	5
numGenes 	48
minGene 	-3.0
maxGene 	3.0
popSize 	200
maxEvaluations 	20000
mutateRate 	0.08
mutateChange 	0.15
seed 	1523856967827
random 	java.util.Random@7eda2dbb
neuralNetworkClass 	class coursework.ExampleEvolutionaryAlgorithm
Training Set Training
Fitness 0.053705459437940924