2.794287165221049,-0.5588213399092372,-1.2679624396050653,-2.0298063923258125,1.990509315629449,2.3714920573712464,2.315990252484834,-2.9918943140170287,-2.8590373109672456,-0.49264068662676586,-0.023748879960884928,-2.7766706249894346,2.131180928507087,-0.6893752500914994,-2.8279860638412977,-1.1825882540191484,1.7284537036919225,-1.350933550328839,1.633203942590165,1.7290114497791889,1.3222046974146258,-1.0711425488432613,-2.256181271932384,1.863337520132049,-2.246813374607423,-2.2271291485249485,-0.14873724369796015,1.0928417473697198,2.8334811988832582,1.9475038317560847,1.1261251799786844,-0.8597638165012482,0.41359326044254524,-1.258135896243024,2.219898523697073,1.2748301049753357,2.7447201465452062,1.8418372002828836,1.9286838799147978,-0.2893990200692782,-0.036421388004056254,-0.43227749499199747,1.3689725931359664,-1.3106622586710848,2.293964776642002,1.907799952805913,1.2571426978171327,-1.0353849277013534
numHidden 	5
numGenes 	48
minGene 	-3.0
maxGene 	3.0
popSize 	10
maxEvaluations 	100
mutateRate 	0.05
mutateChange 	0.05
seed 	1523821210295
random 	java.util.Random@24808bce
neuralNetworkClass 	class coursework.ExampleEvolutionaryAlgorithm
Training Set Test
Fitness 0.41632820131282233