0.6181324211074288,-2.967028347671997,-1.9225807522308442,-0.9910185315151863,-1.2743686785347765,1.5235148380250463,-1.3537438378212068,2.7246035327686995,2.2814820139136405,0.9042959819207013,1.4963051899741187,1.3966080461586907,0.44955323642518774,0.2666160285686683,-1.6291497279841043,0.09908096723854243,0.75172443194095,1.438529154842821,-2.570564412747833,-1.959616650103951,2.184231676802902,2.371968571375919,-2.1860775167105713,-1.7208270702572181,2.4919402830726343,0.45415362173797824,0.6732228370218383,-2.7345900681211903,0.5718699495233,-1.423775491119859,-1.3001275077620102,1.88206452921941,-0.1996561983777972,-0.38802677005566544,2.823401071732885,-0.8480796166826483,-0.7113174675608773,-2.5330379533542136,2.434755496758015,0.700037300869953,-0.4795912370879017,1.4032402145748852,0.8828277839837697,0.3261079512075156,2.1084755889278846,2.6272949498546536,1.2884371664196577,0.14211827657705428
numHidden 	5
numGenes 	48
minGene 	-3.0
maxGene 	3.0
popSize 	10
maxEvaluations 	100
mutateRate 	0.05
mutateChange 	0.05
seed 	1523821210295
random 	java.util.Random@24808bce
neuralNetworkClass 	class coursework.ExampleEvolutionaryAlgorithm
Training Set Training
Fitness 0.2623351806811743