-2.4825300950730007,0.39047084691386313,1.6306672513629412,-1.0361828082930882,0.7500116570263831,0.6835703730988829,1.0346677524919115,-0.8179719447767828,-1.4522006336365558,1.463395691749972,-0.0909697690868569,-1.9343169384665675,1.4018488677701444,-0.6581996434498709,2.240501937957151,2.5545123593731756,1.5830167514526963,0.37067251207996305,-2.849169462009687,1.3715208706298943,1.8711783704226215,-1.2893434214683233,0.001066965573965642,1.1837130879218307,-2.9188116858093753,0.10887653618270887,-0.11868630323659027,2.284917522336812,-1.4591873713008034,0.4636238265531736,-1.2242100603826107,0.649652741944982,2.0929675136564416,-0.09928287466244966,0.4811428943754415,2.644449972705222,1.9013812258741463,2.762561690804234,-2.27550818509566,1.8229065794453392,2.182464782327739,-0.6727864692086611,0.10565171705323627,-2.0741236084459915,1.9294836447943167,2.5576162648023546,0.45088523184553525,2.3217914821506396
numHidden 	5
numGenes 	48
minGene 	-3.0
maxGene 	3.0
popSize 	200
maxEvaluations 	20000
mutateRate 	0.08
mutateChange 	0.05
seed 	1523856611935
random 	java.util.Random@7eda2dbb
neuralNetworkClass 	class coursework.ExampleEvolutionaryAlgorithm
Training Set Training
Fitness 0.10945536875920428