-2.055101527232612,1.0026799821434036,2.661419621862108,0.9720266824572246,1.1914081445911382,-0.6353256627194854,1.0599780856837766,-2.1477453462950016,1.3993820008305011,-2.9469624348129644,-1.116664670260311,2.9649421664526923,2.1370545758934805,-0.715121093568712,-2.660837152848159,-0.6790532418012054,-1.9138569438655506,2.6529399545069516,2.0719517611207294,-1.988143169600775,2.814688531612809,-1.2775981366211775,-2.7724999988876453,-2.055585163599896,-0.4103802914959089,1.3890173983794032,0.0017701018938223179,2.671099418241261,1.753002533819493,0.1083727941448208,-1.4028970032057726,0.8241296006426282,-2.5316413275697833,2.460376483475004,1.7099444209165782,0.5332011024070855,2.113360050800055,-2.9451288269869194,-0.5870839212959778,-1.5321873927968412,-0.2973729301723065,2.56356289891699,-1.3797702948103845,1.2930833510321147,-1.0307199553859543,-1.1197436865018389,2.4891207343611503,-0.8864835986906816
numHidden 	5
numGenes 	48
minGene 	-3.0
maxGene 	3.0
popSize 	10
maxEvaluations 	100
mutateRate 	0.05
mutateChange 	0.05
seed 	1523821210295
random 	java.util.Random@24808bce
neuralNetworkClass 	class coursework.ExampleEvolutionaryAlgorithm
Training Set Training
Fitness 0.3184807010524847