-2.0441670954001787,-1.9578251896261343,2.275440036811697,-0.34912091086489727,0.06420399057022194,1.4525668149364797,1.0979355149752368,1.9566089297047071,0.3939305695453571,-3.158073644592321,-1.1686019485273684,-1.7801991578610683,0.631958763932915,0.7466004220744105,-0.5254841446052083,1.1160749754814474,-2.2523104047303266,1.0110095217309407,-2.2519575574096025,-1.520529372837025,0.31205267879574644,-1.1917505198920348,-1.07249535889563,-0.3368561901643667,1.8921703711263569,0.16958078572800753,-0.2823879914100038,0.19303731624009055,-1.9185652302512415,-1.5661950941601865,-0.5565341656763264,1.1894114474953557,2.0023129304406866,-2.302993119518314,1.613074088294773,2.325452488941707,-1.1930722693387115,-1.9857313638828438,3.1204591187184483,0.1643469859249617,0.1966846095589563,1.3622598480714005,0.9224741331864463,1.4187755761215861,-1.1548991295373443,1.0737014752634675,1.5843801509184874,-0.7079098131506276
numHidden 	5
numGenes 	48
minGene 	-3.0
maxGene 	3.0
popSize 	200
maxEvaluations 	20000
mutateRate 	0.12
mutateChange 	0.15
seed 	1523859293484
random 	java.util.Random@7eda2dbb
neuralNetworkClass 	class coursework.ExampleEvolutionaryAlgorithm
Training Set Training
Fitness 0.028893828798054216