0.6480702241666247,2.7184842977050385,-2.8181995360464107,0.8114110274695356,-2.568925382764689,0.3823818285083913,-0.45538980584393246,2.3269683363236346,-2.9120400601612846,1.8869392009376826,-0.6872355672637394,0.29196219089326503,2.1053725980708125,-0.9736796301194441,-1.0382325427866836,1.5140727408721102,-1.272680204714868,-0.16861393670582103,2.5643572534842933,-0.6894267467668853,0.7753129411316586,-2.1240305653652167,-0.8095279875273229,1.7452329887441642,-0.8780095586426686,0.10774672407512709,-0.6464124341540418,0.990079385170298,2.8605436516981486,-0.7587591614795473,0.738517615160446,-0.7092357323229237,0.6321868675129683,2.042289327462986,-1.8155526674078668,-1.9251691533136173,1.0813392808020226,-2.237391604697611,2.123137478659583,2.140220761772798,1.9031055394886156,-2.150120093187147,-2.2140904526845917,-2.8030887314807766,2.480063960261046,2.613086052921231,0.9441961741753508,-1.9423842496794834
numHidden 	5
numGenes 	48
minGene 	-3.0
maxGene 	3.0
popSize 	10
maxEvaluations 	100
mutateRate 	0.05
mutateChange 	0.05
seed 	1523821210295
random 	java.util.Random@24808bce
neuralNetworkClass 	class coursework.ExampleEvolutionaryAlgorithm
Training Set Training
Fitness 0.21001791620404486