0.3741497208518119,-1.2323753354191256,1.309322660132679,-0.9619618250017439,-1.2870299171942952,2.3321279456382564,-2.2658151173176364,0.7787735743861519,2.309426473704427,1.446172266654047,1.0129569850755935,2.0437831909023076,2.337494669805338,-0.38156023385259896,1.192009559073079,0.24678214503185014,-0.5417403298150161,-0.16824453729408245,-0.3068669465960081,1.2875751749651263,-0.09088404662790728,-2.261350517422338,-2.6370346658540513,2.6505744512230027,0.8794342958071608,-1.4136614154341023,-2.327108415941116,2.2129062602098513,-2.5111087899718694,-2.409257540159829,-2.352080221639456,-2.426285691360831,-0.4938548006073038,-2.4149883866040915,-2.1317288242742265,0.4158783233729588,-0.5454710619738559,2.7614020265530916,-2.8098443999520164,2.198476261380984,0.4479057555411738,-1.3938089888244918,1.9224396187990616,-0.6470739129959004,-2.46616995091464,2.8956897690992074,1.5736489942463079,-2.03214609589888
numHidden 	5
numGenes 	48
minGene 	-3.0
maxGene 	3.0
popSize 	10
maxEvaluations 	100
mutateRate 	0.05
mutateChange 	0.05
seed 	1523821210295
random 	java.util.Random@24808bce
neuralNetworkClass 	class coursework.ExampleEvolutionaryAlgorithm
Training Set Test
Fitness 0.394033644224675