-0.5125166718387937,-0.5152640038690119,-1.6475690505882243,0.7959704735955073,2.1127130607345777,-0.9909712059087399,-0.2309708555470138,1.8106236187084237,-1.8850324007013668,2.934440847263895,0.522407403624926,2.9170363796598036,2.674477935879695,0.40834536554289924,-1.9992435588214075,2.508403765455702,-1.0186064878224663,0.5590472491282392,-1.7210798924187303,2.569656107385499,-2.284283062114646,1.3959438237900308,2.922376643737553,-1.5894310685296245,1.4120706870535908,-0.9620153149109605,-2.2930956682987853,-0.5988591008571318,0.36621757474531247,-2.534075004506024,-0.7002780090064094,-2.914211139960116,-0.11013397108106115,-2.8471460175663506,-1.8087480111638172,1.205645197824749,-2.642600629048352,-0.976039282112731,-0.9024884401633981,-1.3015243953421736,1.6127804198674083,1.4804879885545006,-0.5784982637136427,1.1734719872395072,2.6669880113209823,2.6943061861110076,2.9178177691214326,-2.7265930170010737
numHidden 	5
numGenes 	48
minGene 	-3.0
maxGene 	3.0
popSize 	10
maxEvaluations 	100
mutateRate 	0.05
mutateChange 	0.05
seed 	1523821210295
random 	java.util.Random@24808bce
neuralNetworkClass 	class coursework.ExampleEvolutionaryAlgorithm
Training Set Training
Fitness 0.28910244875720886