-1.4052552805717653,-2.6621873721661373,2.8682775846113273,0.06801272200983961,-2.1124047353547963,-0.3464257954735315,2.0188487812347464,-2.67233169821458,-1.7069996379822647,1.2623488668815002,-2.273144066750982,2.8132239448422904,-2.455154395416102,0.42229130442224544,2.3269581559558654,1.8823183474079634,-0.6193500237191367,1.856611551661181,-0.46053757632480163,-1.912019289505237,-0.12034187644750238,2.8431971902317326,1.8883578442656546,1.066065354104487,-2.498915320573273,0.46393190039494386,-2.539266365676673,0.3083292499712346,-0.7900461767671083,1.5885521937534728,-0.8403331037107318,-0.315921439400842,-2.2083597471082923,-2.446569920047327,-1.8149095861526239,0.9276106650445697,-1.7926028058511947,-2.5312832032469745,-2.152928642229121,2.200469047888199,-0.36817447570185546,0.797829955794489,0.0733530540915659,-1.1831665694171576,-2.860589879810397,0.6513117375020467,0.5179372075858735,0.48715534140557465
numHidden 	5
numGenes 	48
minGene 	-3.0
maxGene 	3.0
popSize 	10
maxEvaluations 	100
mutateRate 	0.05
mutateChange 	0.05
seed 	1523821210295
random 	java.util.Random@24808bce
neuralNetworkClass 	class coursework.ExampleEvolutionaryAlgorithm
Training Set Test
Fitness 0.40874729392984