2.197749912285508,-2.834217753339186,0.8275729592526008,-0.5797700986651277,1.1059188554775359,0.20387659156426274,-2.1608257160772713,-1.710188818657131,-1.4665854693273133,2.1289801001180946,-2.1194076828617563,-1.290801646380228,1.6863836069771034,-3.3139155680778494,-1.4710598974439866,0.6810301477927699,2.2175875292994216,1.656672130645613,0.19513958571763645,1.0595364810728092,-1.946643102641429,4.371141119897425,-0.22722296629625693,-3.650440239402582,1.1385801979488814,0.39243656402073024,-0.35505999860391513,-2.3148446147237944,-0.7229163222114868,1.2873172545329479,0.9934822468140109,1.5643604779216393,3.1895207003227974,0.5484114022672185,-2.5649698865974657,-2.7845686687046403,3.43474262533085,-0.40989813848107237,-1.8650565591679178,0.560293600267968,2.312194149987085,-1.4791695255309412,1.8333030971720117,-1.1479401765649113,1.2371129676579704,-3.281378382759881,-2.6361460492920954,3.2199980435228834,-0.9748787736093282,1.2691074742710455,0.8278148148086927,2.642665030271578,-0.9847758175494256,-2.2636863245393086,1.6377761523913006,1.83421704947791,-0.9659496411046771
numHidden 	6
numGenes 	57
minGene 	-3.0
maxGene 	3.0
popSize 	100
maxEvaluations 	20000
mutateRate 	0.12
mutateChange 	0.35
seed 	1523901034391
random 	java.util.Random@7eda2dbb
neuralNetworkClass 	class coursework.ExampleEvolutionaryAlgorithm
Training Set Training
Fitness 0.09785685883200643