-2.1587324975065076,1.4985956703164653,-0.1873750175087121,2.0091316851701713,-0.324022349578269,-1.8205641685712446,1.4309290877640386,1.6916183112685346,-1.9624185401694347,-0.4471507797582137,-0.35980321429552653,2.574053802039008,2.4178216917353144,2.271921274285577,2.5816197530325544,1.8559298675393014,0.7482935615566328,1.8080915414491185,1.527035347166942,1.3300048101880142,2.5447736968325696,-2.290207511952687,-0.17430896442641314,0.8845816727371552,2.704439657742001,1.7700937263051661,2.250282056482141,2.069132428066757,-0.48260283241097524,0.620525721206914,0.864418403438522,0.06837040397373784,1.6972859997733547,-0.2790046134865847,-2.1292142400842784,0.3763640857698139,0.8165975959650691,1.355935335824678,-1.7761249668564638,-2.103738371385659,-0.049304569762369965,0.5745654571447525,-1.9467348714771544,-1.8873111522180896,-2.0596094252096457,2.3283804513548843,2.7430507064383756,-0.857141177250913
numHidden 	5
numGenes 	48
minGene 	-3.0
maxGene 	3.0
popSize 	10
maxEvaluations 	2000
mutateRate 	0.05
mutateChange 	0.05
seed 	1523820770512
random 	java.util.Random@73c4f975
neuralNetworkClass 	class coursework.ExampleEvolutionaryAlgorithm
Training Set Training
Fitness 0.26820390549719053