1.470460275543899,-0.1196290764194445,-1.651893420833122,-2.453363303783824,-1.8458345129756932,-0.4629757382685691,-1.0799835206854007,1.42548652034732,-2.1164926212590114,2.509684341940506,0.4044181457137963,2.8082391624487153,-1.3890617378194472,2.6751652323524677,-0.8054275130968964,-0.4132631256421808,0.05508404022651625,0.9396418062046947,0.8866262564274061,1.0817729933481965,-1.942096149984376,-1.757915608339745,-2.9414208131570456,0.3160017663938186,1.0155039044947225,-1.2008810274675092,1.9987556112999167,2.7642299292223926,-0.7193098931685038,-2.2161683357375344,0.5918227634194402,-2.280493770238143,-1.0353589985276679,-1.342797645573704,2.4684498769541863,-1.2416559876629523,-0.31812406996284165,-2.9154664148703793,1.660244506686471,-0.229161536590881,0.1369941446720837,-0.7295966511285086,-2.1253486561623838,-1.308641305636766,0.5434562213428387,2.1343477292215676,0.5150457986810055,-1.0770832328818003
numHidden 	5
numGenes 	48
minGene 	-3.0
maxGene 	3.0
popSize 	10
maxEvaluations 	100
mutateRate 	0.05
mutateChange 	0.05
seed 	1523821210295
random 	java.util.Random@24808bce
neuralNetworkClass 	class coursework.ExampleEvolutionaryAlgorithm
Training Set Test
Fitness 0.3252409004167514