0.730424715717481,-2.325443333137214,1.4168125767544375,-2.5503798523747303,-0.775141136573231,-2.1519451461836034,0.32883317716226906,2.0408609403595968,-1.5451422641482635,1.513952387248812,1.2429885283411926,0.7258452905434656,0.5813274829395141,-1.5562583388534192,-0.022393892464604548,0.25125552760585723,-0.033248965880875225,0.7617020146655229,-0.38910497660417676,2.561237890250853,0.7604233834128284,-0.4776506257545323,2.708991839596547,1.9151836006457161,-1.3911801596587277,-0.5343479526865158,0.4004953252242611,0.1975516281386538,2.708319558472045,-0.5977048037696664,0.23092493722493845,-2.3758352165521406,1.4593082782936442,-1.4300518964459408,1.9910841690582775,-0.04316804542762842,1.0599745610936928,-0.9723381081389411,-0.03864070644021815,0.8830718545861866,0.1949175220043493,-1.7808046599532708,-2.7004727220754705,0.6501350955948779,-0.8720240194155133,-0.2627617029502698,1.9226965399021174,-1.4375579993204772
numHidden 	5
numGenes 	48
minGene 	-3.0
maxGene 	3.0
popSize 	10
maxEvaluations 	100
mutateRate 	0.05
mutateChange 	0.05
seed 	1523821210295
random 	java.util.Random@24808bce
neuralNetworkClass 	class coursework.ExampleEvolutionaryAlgorithm
Training Set Training
Fitness 0.2906362397185428