0.13210689670648162,1.2260058260993034,-1.3123489297579054,-0.5129183517511469,0.5660445801991143,-2.445055967982447,-1.920913066631691,1.4219085020122202,-2.885586166373855,-1.9696516318498951,2.6540823289198707,1.816791084391994,-1.462765301806298,-1.0819481409399885,2.215044274344801,0.2938821945871921,-2.9269936066238893,-0.178484580065561,-0.774021473746342,1.7362734685591974,2.3293666996393343,1.9187567054174854,-0.09152630802017692,2.8518692255399314,1.805475489729682,1.4916899271875776,0.27931357214593877,2.5994348008418786,-0.013936312878087165,1.8843783426845722,1.9020751652048047,-0.38119084551860904,2.7333451311710997,-0.626053263901639,-1.1784056182594578,-2.7457466798617634,-2.1033724455114564,-2.8727781099874887,1.5617070800818114,0.9938073454597749,1.531618933054208,-2.0055745356273893,1.3285146087153343,2.0990805608549454,-2.0057539095322405,2.6296624584363597,2.5554310124788344,-0.6624872437644376
numHidden 	5
numGenes 	48
minGene 	-3.0
maxGene 	3.0
popSize 	200
maxEvaluations 	20000
mutateRate 	0.02
mutateChange 	0.05
seed 	1523856219233
random 	java.util.Random@7eda2dbb
neuralNetworkClass 	class coursework.ExampleEvolutionaryAlgorithm
Training Set Training
Fitness 0.10766502553096789