-0.27064943820229814,0.7890963572064964,1.6201702189449048,0.6282116709686685,-1.757706693757882,2.6650169329999223,-0.541646754356057,2.1962699692050833,1.862007613783649,0.9333354254718174,-0.001116898874914618,2.5385821298110534,-1.3637696428317843,-1.9160953808525152,2.610109590656326,0.8905848279223343,-1.2968192370903264,1.6462025583274535,-2.627992478494244,-2.2660951975766315,-0.07832935716687235,2.5078998245687334,-0.6173192983228526,2.756169911909912,0.23964474225888743,2.8504551308708184,1.0456256256297287,1.7816490605157744,-0.02288323328584685,-1.2032535022673911,-1.6177295263813196,1.4159739571085546,2.0334474202777253,2.234105384401003,0.5420476982708822,-0.2897002149438889,-0.49960004424575866,0.6819784991403717,2.2474819328121045,0.49987318469304015,-0.37860979341546663,-0.883195258751545,0.014521519482558531,-2.79091427510813,-1.9161685013197436,0.6975496025972436,2.078565221901645,-1.910300199791131
numHidden 	5
numGenes 	48
minGene 	-3.0
maxGene 	3.0
popSize 	10
maxEvaluations 	100
mutateRate 	0.05
mutateChange 	0.05
seed 	1523821210295
random 	java.util.Random@24808bce
neuralNetworkClass 	class coursework.ExampleEvolutionaryAlgorithm
Training Set Test
Fitness 0.33525589160274977