1.028184237862084,-0.7855624279664715,2.591325033562094,-2.4010344053659116,2.4577061562311755,2.1097174150373545,-0.7444617649089889,-0.12173146605247301,-0.17504713902397223,2.401317048208809,-2.8982096824735226,1.4819107665451725,1.4112366770662799,-0.6707837323314942,-1.2559341984922876,-1.839176089791755,2.496398420271306,-0.6050266589350304,-2.683575329386476,-2.4401447509038316,2.3696033426050427,0.2063139750919465,-0.07261290553979301,-1.4193486364318395,-1.0578057550704116,0.10636807314231299,0.5005752430652124,-1.133144217591766,-0.6265205954089006,-2.9266673388597866,0.25213676496025067,-2.789515697164078,0.28400343638155795,-1.0881124284059887,-2.3621059765945236,0.6826373336878544,-0.5679792487824158,-2.3692645055916484,1.3230916951185852,-1.3164884504353882,-2.432435296634631,2.361186712320783,-1.9149701434015736,1.585963181985599,2.4546752805870033,-1.080246450012334,1.4537972152961665,1.7636772728187813
numHidden 	5
numGenes 	48
minGene 	-3.0
maxGene 	3.0
popSize 	10
maxEvaluations 	2000
mutateRate 	0.05
mutateChange 	0.05
seed 	1523818063009
random 	java.util.Random@521fab8a
neuralNetworkClass 	class coursework.ExampleEvolutionaryAlgorithm
Training Set Training
Fitness 0.31774132603454386