1.9190307562948234,-2.9109674130692427,2.2881687061969727,-2.643799875555736,0.8863187815500768,0.3337657228401625,2.6472109394372927,2.7489573918265418,-0.077278452183827,-0.653590067422217,2.217147414888945,-1.2970472218414022,-0.27623891942542533,-1.3175294701632325,0.7200830330652837,-1.067057884912992,-1.5686927681974963,2.5765045029280476,2.4664832719808487,1.3567522241289938,1.2502426113265246,-2.524293102199622,-1.0613215384851573,1.0099586922386292,-0.7602046933731221,1.7691237513568445,2.7188567345777352,-1.728532812530311,-2.6371683800342973,1.7765423316524167,1.5055752758268435,2.2919783333071484,1.6697549628464816,1.2138423599395258,1.3499314422469604,0.013800605525138288,0.2245181254734141,1.8918274370346513,-1.932858201076222,-1.3455404735158125,-1.7013829483032519,1.8332908544577426,-0.10861162040795946,1.9980368437792242,-1.135209740665994,-0.0916967336356902,2.941401554770385,-1.2528431831868472
numHidden 	5
numGenes 	48
minGene 	-3.0
maxGene 	3.0
popSize 	10
maxEvaluations 	100
mutateRate 	0.05
mutateChange 	0.05
seed 	1523840504152
random 	java.util.Random@7361081c
neuralNetworkClass 	class coursework.ExampleEvolutionaryAlgorithm
Training Set Training
Fitness 0.2432506572719272