-2.2274366017600986,2.5935162558329825,1.8790982270112773,1.5387700104154498,0.7123887853325878,2.5917129454476813,-1.8813908494778202,-1.7522155689277636,-2.679311486236877,0.2869638846183348,0.25148705303013263,-1.3761243956435423,1.1543764356651178,-0.5427299152774138,-0.2683412492121079,1.6706443127341757,-1.3490520942489217,1.2745436431090016,1.20741463848822,1.1530782218745803,-1.0221684433932883,1.1107514101042293,0.6501902526084109,2.6452751916911246,-1.4651145445151679,-1.7165518126949904,-2.7357401247779842,0.9209565055305058,0.07846876660849417,1.019190530768948,-0.7931860427606093,-1.053863305446226,0.9296184390647805,-2.292762680768378,-1.9608556569659865,-2.015877750286247,-0.3940804989217743,0.5534801161157231,0.0967048402985938,-0.2314070146529277,1.9659670285267397,-1.9752629112970816,-1.4232362550943505,-1.0015234322586475,2.1240502144005333,1.313530576614168,2.853018060240972,-2.9279797266454306
numHidden 	5
numGenes 	48
minGene 	-3.0
maxGene 	3.0
popSize 	200
maxEvaluations 	20000
mutateRate 	0.12
mutateChange 	0.15
seed 	1523894812423
random 	java.util.Random@7eda2dbb
neuralNetworkClass 	class coursework.ExampleEvolutionaryAlgorithm
Training Set Training
Fitness 0.13015482319103547