0.1741862456328791,-1.422151118382954,-1.683185189747454,0.8212776013504621,-0.8797749975929847,-1.006854020076829,0.2507969033745461,-1.7364519621482155,-2.896750742557926,1.7967660129868952,-1.5529578940573143,-2.02539017590829,0.7698618402964936,1.4134447370099223,1.8147478931788044,2.8915552027840192,-0.22728971677955734,1.227956532544141,0.14849811241002664,1.5685438582980715,0.9927781149125972,-1.4832776982719003,-1.812568394314522,0.9883160383546374,-2.9012279344835665,1.1382860554485639,-2.5382298972420454,1.9320086023260643,2.4311399636227327,-1.93224232257581,-2.0445498056478613,-0.7304830758488705,-1.1099450849611587,-0.1510143515593237,-0.4758443010642077,0.1400663793801485,2.285995168777915,-1.235597580624689,-1.0939094243482472,0.1375842533562454,1.4783466269488503,-2.8138496494145713,-2.9016186819611764,-1.7521223650418876,-0.2682472448817574,0.8732722746158608,-1.4549562907372988,1.9045518509541646
numHidden 	5
numGenes 	48
minGene 	-3.0
maxGene 	3.0
popSize 	10
maxEvaluations 	100
mutateRate 	0.05
mutateChange 	0.05
seed 	1523821210295
random 	java.util.Random@24808bce
neuralNetworkClass 	class coursework.ExampleEvolutionaryAlgorithm
Training Set Training
Fitness 0.2623490722241198