-2.0724628514054686,0.9216464261798429,-2.6960617169535457,-2.890946837288896,-2.327165500559543,1.4713612531590432,0.10081574300621306,-1.4961034814086358,-0.28834568574588904,-1.2285961665973433,-0.8226587926985605,0.8673369294880433,0.8258397602689431,-0.2603755109734731,1.2772659938241724,-0.21940022838324946,1.9333065064203119,-2.086205938767076,2.524184051757193,-0.9470877085857474,1.7817057218350334,0.8362463835434528,-0.28198475799319844,-1.275463835082594,-1.1965375790097366,0.1570836983715788,1.65311279309802,1.1487565067494152,-2.7567858816046256,-2.867894379562016,2.1735109599291578,-0.5493306418679351,-2.3004698663822607,0.9318549593667482,-1.844564506447011,0.544588331145289,2.1911562201070938,2.555909409386669,1.1193135903737292,0.06338215344471099,-1.836117906214983,1.0117812531678771,1.123123826243063,1.4620318793612712,-1.4525051291768858,1.6205232632742579,2.126040043251277,-1.6958123270604981
numHidden 	5
numGenes 	48
minGene 	-3.0
maxGene 	3.0
popSize 	10
maxEvaluations 	100
mutateRate 	0.05
mutateChange 	0.05
seed 	1523821210295
random 	java.util.Random@24808bce
neuralNetworkClass 	class coursework.ExampleEvolutionaryAlgorithm
Training Set Test
Fitness 0.3564946631958507