-2.305885338498827,-2.9817441186348566,-2.346832192063888,1.0853704813503602,0.6136277336192417,-0.9043940334262679,2.2462454161184593,-0.08326756095987448,-2.000588199780266,-2.925909548619707,0.8341370829769309,0.4613075934355009,-1.0352051743002608,2.068017798005285,-0.5138623948696883,0.45744274325429257,-1.0867497510486306,0.2965835581051026,-0.8147678830645951,-2.3213026328312276,2.760306997404269,-2.2031367682583887,0.6966462501800549,0.6757186380400553,2.595695900510991,-2.959234093887276,-0.01844337433727894,-0.24347193010358795,-2.0357070173429084,-0.24253629918020428,0.060729850164216975,-1.3472559345370274,2.183373564781808,1.4851332233898136,2.7190845534812818,2.5246546500524403,-0.027215765220004684,2.2966469860912113,-0.8682691573180791,-0.1277003747056922,0.7551918923757677,-1.4184389255004672,1.5144855278276408,2.4205821152227007,-2.6689510795794855,1.9265053134279886,-0.2667540096573471,-0.8387641627008877
numHidden 	5
numGenes 	48
minGene 	-3.0
maxGene 	3.0
popSize 	200
maxEvaluations 	20000
mutateRate 	0.12
mutateChange 	0.15
seed 	1523858887304
random 	java.util.Random@7eda2dbb
neuralNetworkClass 	class coursework.ExampleEvolutionaryAlgorithm
Training Set Training
Fitness 0.10615705494057098