-1.454426540356822,1.5943182424963025,1.8151910399417996,-2.5921416214665234,-2.3512916442116047,1.149957885768055,0.4280745050793886,1.2017298147688775,0.7377878688514916,2.817616843445828,-0.9579993946811225,-1.4347577321459084,0.3269431222534241,-1.043079144541035,-0.6248446992379506,2.3577006751606806,0.713429547090821,2.3980934828260274,0.6635828538172921,2.488582747126026,-1.7558996182405477,-0.03060599267253039,-1.3899953579374646,-2.8565897554295585,1.0354219934281292,-0.28818986857091744,1.4144193583964917,0.20904933148992333,-0.4243207060468153,-1.1170054829105052,-1.31084086738508,-1.6771066387498095,-1.7295552556141047,-0.29326876915943245,-2.3377538876239523,0.24342287397296064,2.262304257459773,-0.6839844706448623,2.461567087977575,2.300190472008274,2.513253885432455,1.467129376309833,-1.9514452617403206,-1.2206810941193038,1.8331068129323558,2.5688866870148708,0.7337360541110682,1.7361521225730678
numHidden 	5
numGenes 	48
minGene 	-3.0
maxGene 	3.0
popSize 	10
maxEvaluations 	100
mutateRate 	0.05
mutateChange 	0.05
seed 	1523820798909
random 	java.util.Random@5343f16b
neuralNetworkClass 	class coursework.ExampleEvolutionaryAlgorithm
Training Set Training
Fitness 0.34991918096139824