-0.671369363733576,0.6197475564423168,2.393947334335525,3.195213087838441,1.0463808763037172,1.6863121214103005,2.069490708652642,-1.2421764630244678,0.4951143487078763,-0.9693301650558862,-1.8536008109794846,0.36139334126950895,0.3929665155028129,1.478568295317619,-0.7456013596727431,2.726555607800166,-0.6576647748649412,-2.758082532339316,-0.9992586257214855,2.27411779548641,0.7956865304956782,-1.4460276170770943,0.43809896710365537,-0.09390909556807941,1.5462764624980334,-0.6194460564733729,-1.831070844469396,0.2635464980377481,-0.1901030118537869,-2.557118644337293,-0.9486855066206541,1.2282319599143414,2.796406121570115,-0.5383184663397912,-1.4142958865424162,3.072845118463266,0.08660189409073435,-1.9028113049854243,-2.4974441108438388,2.396217247121766,-1.6382234690495425,1.8832442215349423,1.4889445793973715,-1.1363504776773525,-2.4605562023945486,0.9279216310153382,-1.7418409108636674,2.9005180478204897
numHidden 	5
numGenes 	48
minGene 	-3.0
maxGene 	3.0
popSize 	200
maxEvaluations 	20000
mutateRate 	0.12
mutateChange 	0.15
seed 	1523857453450
random 	java.util.Random@7eda2dbb
neuralNetworkClass 	class coursework.ExampleEvolutionaryAlgorithm
Training Set Training
Fitness 0.028367273169447954