0.3245989732310296,-1.701062282208942,-0.8122996692096098,-2.564773137141216,0.6634729373835027,-0.9069898000943362,0.6324126975025199,-1.243930236877115,-1.5113627971856902,-0.6249940824542135,-1.8726323035920087,1.7895627411466701,1.2545613068552643,-2.707406098751696,-1.9179062008146863,-2.5018520055072058,1.3627904747569322,-0.5303270419447803,2.907451585670901,-1.4250696040064463,-2.6567660019815627,-2.033843269040659,-1.5294923374655411,-2.3396275198323115,1.823530061884923,1.9073016198782837,-0.5723598270024848,2.9416857866085078,-2.770413733236629,-0.7478560594976549,-1.565750117423077,2.7081939236938677,0.005324576258426639,0.28741101972444394,0.793125856010561,-2.5285035287986686,-0.3779243616599898,-2.9124317543115565,0.054686644247900595,-2.26769732669647,-1.5820096964222163,-1.7765397720279406,-0.3290124282665823,0.18635794716387188,0.2152611456584408,1.3813021294819217,2.4315605574307666,-1.8900731692084052
numHidden 	5
numGenes 	48
minGene 	-3.0
maxGene 	3.0
popSize 	10
maxEvaluations 	100
mutateRate 	0.05
mutateChange 	0.05
seed 	1523821210295
random 	java.util.Random@24808bce
neuralNetworkClass 	class coursework.ExampleEvolutionaryAlgorithm
Training Set Training
Fitness 0.3722065042813272