1.7742006114775357,-2.052153515143414,0.938816449660822,1.4152065469551698,2.3291900910397674,0.27814444649519116,-2.1836912424354686,2.6830415737210718,2.0390639260867864,2.438498483224369,-1.856494234982333,0.8716303569432482,2.685893395650278,-0.7330759206013988,1.724546549048438,-0.6325150747086876,-0.6054073824861237,1.4603417479382967,-0.5918225477000048,0.4806760578198834,1.6517099188639737,-1.6225461598090558,-0.5188115935088173,0.7767501052267498,-2.7647389934190882,-2.830369969193563,2.0508394443393607,1.0680649921552143,2.0039813084412312,-2.4369229019778613,-0.845698170063361,1.3509159889327291,-2.7919549412991205,1.0011213021024261,1.2655624086010977,-0.12089344591622415,2.934472840428887,-2.8715250155591,0.5401578266716163,2.6564283822240897,1.3891170013530114,-2.190093890164909,-1.204469299969326,-2.7401975837964874,2.1932924383730468,-1.4262217016766532,-0.08028168779074284,1.2216350286237114
numHidden 	5
numGenes 	48
minGene 	-3.0
maxGene 	3.0
popSize 	200
maxEvaluations 	20000
mutateRate 	0.05
mutateChange 	0.05
seed 	1523822273345
random 	java.util.Random@7eda2dbb
neuralNetworkClass 	class coursework.ExampleEvolutionaryAlgorithm
Training Set Training
Fitness 0.1513833406185074