-1.5881515677439906,0.6098284292198095,2.2190839749806983,1.123690858743284,0.4077394991860868,-0.92805269833274,1.8213485429274827,-0.4085353899590086,0.48713244948599227,-2.7638097271964677,-0.7561548354748231,-0.7432651126784653,-0.48926550485757075,0.2177217984397702,-2.8353115488305924,1.4401513452665644,-2.6561215240597797,-2.8298013342884047,0.3114926367526916,1.0515359750098354,1.1233322397065177,-2.694328433858672,0.472730769730623,1.637919865487745,1.5538056930969675,-0.7868113383866386,-2.3484187794565723,-1.3427189418775236,1.6408851445784225,-0.24891023519070155,0.504726802424025,-0.894103958106522,1.210476471916156,-2.8592870912748545,-0.7043121636131229,-0.6762893010991309,1.9457054126531614,1.229470415057337,-0.6331272754515453,0.23611411897110157,0.8405777180571927,-2.5810159182925503,-2.603354432773952,-1.4380118069533296,-0.3244385368337932,0.3192075572999971,0.3073135146275197,2.3768858113657254
numHidden 	5
numGenes 	48
minGene 	-3.0
maxGene 	3.0
popSize 	40
maxEvaluations 	2000
mutateRate 	0.05
mutateChange 	0.05
seed 	1523686601003
random 	java.util.Random@3117fbf5
neuralNetworkClass 	class coursework.ExampleEvolutionaryAlgorithm
Training Set Training
Fitness 0.16774607119823015