2.4840020483426017,1.3133411346446398,-1.5462675917754924,-1.3709258252195462,2.979634736835575,-0.1169727311499921,1.8315036295983482,1.5389045149398801,2.466422024695765,-1.680665638287794,1.6257233350763114,-0.4572217060777547,-2.3397242762793975,0.14572685596167026,2.5630955902910286,-2.919570935567051,2.8953257660765432,-3.012839462086624,3.1743044142994785,-0.7749889186123635,-2.5910635787940133,-3.26158158443818,-3.2490251103974344,-2.6220780749002093,1.6498863335144476,2.1954828013923438,0.34781828912050616,-1.845012400093116,0.4790484974547601,2.1726085262978287,0.21296898866743133,0.19633679655125072,0.19582636853407553,-0.06350138410729395,-0.4282818813813092,2.625512129123761,-1.8023679283806497,-1.7872642637219434,1.2849752113131467,0.3696110499589311,0.49131371975019555,2.9660480474511837,-0.21509680380509016,-1.5005186111500821,1.7387847083155759,-1.3746425529428314,0.7522178767512733,1.5386651316938194
numHidden 	5
numGenes 	48
minGene 	-3.0
maxGene 	3.0
popSize 	200
maxEvaluations 	20000
mutateRate 	0.12
mutateChange 	0.15
seed 	1523857601978
random 	java.util.Random@7eda2dbb
neuralNetworkClass 	class coursework.ExampleEvolutionaryAlgorithm
Training Set Training
Fitness 0.11747628183692178