2.4029871303346324,2.438073016238862,0.7272780518022861,-1.4973322914175802,-2.608802352963214,-0.13558431376872182,0.6460950467626492,-2.239421286664552,1.428507729842516,2.7551369502992253,2.4090449377989396,0.23383857301161726,1.6745493762437462,0.15265302418124183,0.8007516042361038,-2.992497102057249,-1.3104080330949475,-2.7918089547985376,0.6529555638378444,1.7050568301174387,-1.9214083660215464,-1.3017029359898744,-2.535916685731946,-0.23391928637917214,-1.4057387907216652,-0.1687174743119808,-0.29648505434441885,-0.555634577299633,-2.762081852597796,0.1318773325279281,0.5375495637597414,-2.369825798362232,-1.2847731011425976,1.1200937457790054,-2.8738231292033367,1.871837797657883,0.10981255389575884,1.6155384556906123,-0.26062645226606085,-0.5691528407947182,-0.16892028128095138,-2.1988556695520227,-1.2712478144157493,2.851096719915339,0.7734335521016886,0.6705302543784111,-1.13500032437483,-2.643084263313588
numHidden 	5
numGenes 	48
minGene 	-3.0
maxGene 	3.0
popSize 	40
maxEvaluations 	50
mutateRate 	0.01
mutateChange 	0.05
seed 	1523686433459
random 	java.util.Random@3117fbf5
neuralNetworkClass 	class coursework.ExampleEvolutionaryAlgorithm
Training Set Training
Fitness 0.12705688983976063