-1.7969044411830115,2.502047106767324,-1.6669072057410317,0.4535629446048178,-2.654676991299863,-0.660634097299482,1.5477716305160267,2.639775014326162,2.1730650384690575,2.6909011023326315,-1.0302713619080808,0.736687322869173,2.4417444882332697,-2.3419491067058362,-0.7217057390709678,2.6115331086243554,2.1850337457979894,-0.3386127279019461,2.640644731644821,-1.962784627571332,0.5011135416812504,-1.0531690287756552,2.446304528327471,-1.9825285381255517,-0.16021347485020176,-0.031966314853939415,1.8781415353110253,0.8146514646489851,1.7084992460401538,1.6594046688445958,-0.44509786863158185,2.328733389098704,2.0211854063619334,-2.520540400707972,-0.42006059955383374,1.4351777135516877,1.2572049128690737,2.1568996253855204,-0.5820975476939714,-1.5642872207854492,2.678509131490152,1.7120662921473466,1.6457594095524728,2.5601236973610257,0.27152533370696214,1.2541489373177572,-0.31336070806125205,-1.0213978840793108
numHidden 	5
numGenes 	48
minGene 	-3.0
maxGene 	3.0
popSize 	10
maxEvaluations 	2000
mutateRate 	0.05
mutateChange 	0.05
seed 	1523817436344
random 	java.util.Random@48fb5c99
neuralNetworkClass 	class coursework.ExampleEvolutionaryAlgorithm
Training Set Training
Fitness 0.11785907319536808