-0.03993567243756607,-0.8072577073503182,0.24831628484092025,-1.303201141058154,2.8216551907337806,1.6531824714460042,-2.1726594856549863,-1.2882997964442462,-0.4668967904174842,-2.3406526841909554,-0.18152804674415582,-1.9190772991883205,0.7492508590776399,-3.0072551718088163,0.3408461625852911,3.139094671172335,2.3022029891782707,-1.2899843020938178,-0.915397912016149,-2.6278039498790164,-2.4164984287224565,-0.04584479327978297,-3.3450391516287854,0.07224996023049934,1.0283348112855002,1.0807852574187247,2.7802740064915583,-2.8656379194449664,-2.29008259411856,-1.5549654491342504,0.9732660567386969,0.7728199403135063,1.855805648054008,0.8344039156569739,2.494479499653678,-0.5144585747365873,-2.5687699658420438,0.4508752645300742,0.30040648712635604,-2.8859534461120155,-0.8944836466889511,0.7735772343417769,-1.611232514049475,-1.9005989448343954,-2.7545264577787916,1.5610381589683686,-0.5735250653774303,-1.2154121556210997
numHidden 	5
numGenes 	48
minGene 	-3.0
maxGene 	3.0
popSize 	200
maxEvaluations 	20000
mutateRate 	0.12
mutateChange 	0.15
seed 	1523857907419
random 	java.util.Random@7eda2dbb
neuralNetworkClass 	class coursework.ExampleEvolutionaryAlgorithm
Training Set Training
Fitness 0.11219092929584223