0.6853501598451258,2.0500468895376263,-3.0915714788055104,-2.625151281543624,-1.1208399405556082,0.40611548566945344,0.493103311269251,0.09289819858897941,2.149257851136121,-2.9174943947668828,-3.2737136459477045,-2.428389987082755,-2.4580546011315842,-2.664699282393283,0.4076283718872712,-1.9508561463106724,-0.8851506573788804,1.090586303352016,0.3063388756247428,-0.1260120574594234,-2.9553466584940673,-1.4637066483272083,-0.3047955548499298,-1.4523689102289987,1.070912035681335,0.14178031134435745,2.0648583119827535,-2.4162974795807757E-4,0.2778106392367595,0.6208709407669515,-2.6030105331970574,-2.3752610568141677,0.9872420743234528,1.376187065551298,-0.17500637395832985,0.42577436658980927,-0.22390043308385463,1.1586289238048384,0.3218694604910203,-2.8166220320700366,0.9976883631828359,2.1552988061105545,-0.8058184647264126,-2.6088895701593415,-3.456133429654411,-0.031445605756551476,1.0825658011905688,0.1478480663395798
numHidden 	5
numGenes 	48
minGene 	-3.0
maxGene 	3.0
popSize 	200
maxEvaluations 	20000
mutateRate 	0.12
mutateChange 	0.15
seed 	1523858989796
random 	java.util.Random@7eda2dbb
neuralNetworkClass 	class coursework.ExampleEvolutionaryAlgorithm
Training Set Training
Fitness 0.034581970477476805