1.7811960467545642,2.0435069094915566,-0.4120926286059081,-2.521561996988698,-1.6283065160212011,-1.5438438111310109,-1.2300191060095609,0.2982347242772194,-1.9260386765049844,2.823403170543388,0.03396782476180933,0.8290566682188576,-0.37655019054799954,-1.5480189546768635,0.4643961636103944,-2.3648514529225366,-1.6068101144811342,1.454823728329636,-2.85253266294023,-0.9405710035296977,-2.1839833591973212,2.7756395540571015,0.8658952667748805,-0.18069281226549894,0.8524013163266324,2.6223234399456734,0.16959182353175484,2.28032917678956,-1.3311472977857846,-0.8288778391283675,0.05081953319510557,2.114317042124708,-1.7942913630410402,-0.6423726450724185,2.0665826588256326,1.5961863716370317,2.070724925016676,-1.3855517532628407,-1.3886313323542148,-0.41496466229894136,-1.2918539359021688,0.1503154226386516,2.58511092088893,-0.3176205313758884,2.516382648390209,1.0377660975717173,2.8404181381918345,0.8954699608286258
numHidden 	5
numGenes 	48
minGene 	-3.0
maxGene 	3.0
popSize 	10
maxEvaluations 	100
mutateRate 	0.02
mutateChange 	0.05
seed 	1523856085206
random 	java.util.Random@e20ac38
neuralNetworkClass 	class coursework.ExampleEvolutionaryAlgorithm
Training Set Training
Fitness 0.21731317877496156