0.9014273680758809,2.1192478672243995,-2.3942641879297275,1.405724526120352,2.4803731632531036,2.3426312367933333,-0.08388687487251367,2.663349658921492,-0.5114208907305482,1.5016875420505835,-2.42206353606389,-2.5638444177189603,0.011807764253243924,-1.465514647761377,-2.83879576526156,2.748955833167117,-2.9929720004912452,-2.3040340469314855,-2.4676607757292075,-1.3391638780640527,2.412394908576312,2.2772251559847447,-2.6314979069816946,0.9847300405617652,-2.8602173210712847,2.5818605285362013,-2.2554356141964766,-1.802916928546216,-0.7954034592563701,2.249162174008859,1.063678013553976,1.5795368311684053,-2.3106165146029882,2.352604817521965,0.46292162793759467,1.1419863854129249,-2.7329390047629687,-2.571733929345678,2.6735537044040685,2.821286030647891,2.626377191136598,-2.5485296254887144,0.4009466507819366,1.1823001134921665,2.6965142412378444,0.8311274767699814,-0.38767304558059124,2.3679160566803006
numHidden 	5
numGenes 	48
minGene 	-3.0
maxGene 	3.0
popSize 	10
maxEvaluations 	100
mutateRate 	0.05
mutateChange 	0.05
seed 	1523840504152
random 	java.util.Random@7361081c
neuralNetworkClass 	class coursework.ExampleEvolutionaryAlgorithm
Training Set Training
Fitness 0.15480460511984112