1.1009337425427705,-1.5293821412602948,0.8071599091868549,2.5269861595442604,-0.21280951068613624,-1.2301172666697455,-1.1984949702728611,-1.4988092222494982,1.9522174148158165,-0.5039695089713794,-0.12756818906642264,2.6019723661987113,2.9040950860899475,-2.204455029477545,0.025284965624196243,1.4462521839327858,-2.4458822425123867,1.583994308489297,-0.5138425479555582,0.91143954877694,0.7368440453061498,0.8543799723248935,2.1252636422452804,2.4500379886474795,2.809543437698114,2.129026732632883,2.87000641225797,-0.061686450870680073,2.430443170320191,1.1109602814018373,1.000694520656853,1.2382150967196257,-2.8008405158188117,-0.14092429985601768,1.8496014771457627,-1.9361601779456212,2.914185164014608,-0.1827395715054611,2.339290543658013,-0.7566474484458343,-2.6387118778047682,-2.529004513662649,0.4488667592518292,-0.5956282371517367,-2.7568406332129856,0.035815958035978035,1.3370480689994642,2.035448306815068
numHidden 	5
numGenes 	48
minGene 	-3.0
maxGene 	3.0
popSize 	10
maxEvaluations 	100
mutateRate 	0.05
mutateChange 	0.05
seed 	1523840504152
random 	java.util.Random@7361081c
neuralNetworkClass 	class coursework.ExampleEvolutionaryAlgorithm
Training Set Training
Fitness 0.29850947542453893