-2.91355275289896,-1.7586575376816038,1.0611380419239034,0.8126261644438744,1.375532692068651,1.1663355173947278,-1.556404194689329,-0.41868790036351894,0.2542896572882771,-2.970811582302487,-1.200599805846306,-2.6358280108780945,0.9102270007836024,-2.3053106502581997,1.6147836361148613,2.0810641257884956,0.38846803498867183,1.7899922834455495,-2.8190232298859073,-0.39570632078963097,2.567992642361798,0.9145622027570648,-1.825970810837397,0.8559486894462864,2.437697477866508,-1.6848054786294935,2.2062441978537555,2.7057291410186703,-2.8150920598857088,1.8964572826996928,-2.1703656167578327,2.0558276504029758,0.7288992862257724,-1.7712978563663448,2.4604785036763746,1.5099706301860176,2.1394042511335503,-2.754912924641975,-0.3797691310578669,-1.9782278257174508,-1.8749940042745032,-1.7641485666080894,-2.198293423422431,-1.0968981417922907,-2.541259346693095,-0.8476224538297537,-2.8293624623292493,0.5962143879828483
numHidden 	5
numGenes 	48
minGene 	-3.0
maxGene 	3.0
popSize 	10
maxEvaluations 	100
mutateRate 	0.05
mutateChange 	0.05
seed 	1523840504152
random 	java.util.Random@7361081c
neuralNetworkClass 	class coursework.ExampleEvolutionaryAlgorithm
Training Set Training
Fitness 0.2390269209264496