1.042392597836789,-0.8172460548045283,3.0787987957731655,1.3494855773979237,-2.4349647244872767,0.028105053834543453,0.5728336779523443,0.8234074887556233,-1.7102828516750144,-2.2989700220062574,2.3081028353140733,0.9028379971756432,2.784407044737072,-0.9669061962877369,2.812203025394128,-1.3636486072399205,2.158349302282039,3.0045207118493344,-3.14061466169248,1.462320703315175,-0.33961413001346474,-2.3944462513749287,-1.8223992064269356,3.206515608815188,2.4947784025596933,1.2654057452978287,1.8939666305137308,2.5635070632251575,-1.0355551850606612,2.3393932472712593,2.773827400045613,0.5633599949213252,-3.345667174108521,-1.5197044619177342,-0.07749337272117893,3.6053788960880655,-2.120555745186003,-1.9878871938321443,1.0917241389605192,-0.22537736614072648,-2.940314222216933,-2.699945275447427,1.8565024633640426,2.2843047713850733,0.5551563296925082,0.8871090466980202,1.0929314700076995,0.4894350476123872
numHidden 	5
numGenes 	48
minGene 	-3.0
maxGene 	3.0
popSize 	200
maxEvaluations 	20000
mutateRate 	0.12
mutateChange 	0.15
seed 	1523858008133
random 	java.util.Random@7eda2dbb
neuralNetworkClass 	class coursework.ExampleEvolutionaryAlgorithm
Training Set Training
Fitness 0.10035546850359757