-1.8524776355239787,-3.2039882688258134,2.940323665913527,-0.5975553484498626,-0.23422276774787254,2.1713812787294393,-3.180332033641508,-0.8940264547441766,-0.5135169040434835,-0.08037898746656114,0.08367539430753612,-1.6889693555373961,-1.6688244151835891,1.5003586737061991,1.3006618268295291,0.5472294844227132,-1.442262740917549,1.3576457500937913,1.5488938555933989,-2.9643576845972737,-1.988235749454081,-2.5040231147344794,2.9082632832697115,-0.2565646170615109,1.7707343303784229,0.040768629707925164,3.2981353726588467,1.0708262133278783,3.978239817660406,-0.6904540293474151,0.30733253100929514,-3.2136722965240825,2.8027459623650666,2.0191262601688633,0.3331456413702828,-1.4858707082091405,0.7294204270745946,-0.16126377461312336,1.654600787443489,1.4167187799440097,1.952846770350583,1.3573421632985045,3.2132631167066474,0.21076892256023505,-2.4590932949832895,-2.696060523425524,1.9604012718740877,-1.385623183074688
numHidden 	5
numGenes 	48
minGene 	-3.0
maxGene 	3.0
popSize 	100
maxEvaluations 	20000
mutateRate 	0.12
mutateChange 	0.35
seed 	1523900255047
random 	java.util.Random@7eda2dbb
neuralNetworkClass 	class coursework.ExampleEvolutionaryAlgorithm
Training Set Training
Fitness 0.12049865374562806