-1.0235867754361212,-1.9153773586325533,-3.442729347472988,1.2492599799390893,-2.4192125515667247,3.4830485791568524,-1.2218064067423793,2.6447725056631595,-1.8486925898258106,-1.495069400888768,-2.2585071277704403,-2.6031678629867505,-3.8321546623947103,-0.10694344137424527,-2.2109826965373878,1.6709217401628496,-1.4185241040535566,2.4946965834650516,0.11236791915127609,-1.4045981495025952,-2.546722493568509,-0.9669826257477696,-1.4828214656676098,-0.363601063049122,-0.6592615565445771,0.5508918525803602,0.35443270644019453,0.10281166324291602,3.2544340113000456,1.9286147516454628,-2.3984231766028437,-0.25115830171309506,2.440054346534384,-2.4359008485782505,1.3121135332872491,-0.2570109934906798,-0.7263118329403319,0.77911689858189,1.9706420485799723,1.2300305244795329,-3.580915187984949,-0.27274655924221647,2.317591223688618,2.519356465035259,0.26930885000630933,-2.1211420649876405,1.1168749089477852,-0.8683379803277992
numHidden 	5
numGenes 	48
minGene 	-3.0
maxGene 	3.0
popSize 	100
maxEvaluations 	20000
mutateRate 	0.12
mutateChange 	0.35
seed 	1523900476594
random 	java.util.Random@7eda2dbb
neuralNetworkClass 	class coursework.ExampleEvolutionaryAlgorithm
Training Set Training
Fitness 0.02270415916685114