1.5371611888406445,-2.016097193893891,1.3555691849163995,-0.29562753019717336,-2.4890483338823044,-2.3928284258589483,-0.44380149417469195,-0.26776819911682725,-0.09565615953177842,-2.1068649781344817,1.9892726992377419,0.1841693109364151,1.6993931848151522,1.0004562095708271,-1.292213950392694,2.485155676322865,1.0767150872333417,-2.7899495615896237,-1.9672124005753533,2.449609119353612,-2.977643299496364,1.8641511737403862,-0.3604294791461543,1.5989884359945936,2.590149864087892,-2.53889023629372,1.5746273403053817,-0.7753832852047582,0.40127040070548575,1.505917501978163,-0.6291578131030355,-1.95134766582525,0.056089315193060776,0.3191709319518313,1.4154956456109447,1.0326081475501627,0.4142613051725075,2.097437697779812,-0.049729688885221626,-1.2831929698102962,1.867354011318871,0.3457135627227581,0.5945527052520108,-0.3043579348653873,2.2841824176863987,1.7678964443051992,0.8329383337971832,-0.057500692843683865
numHidden 	5
numGenes 	48
minGene 	-3.0
maxGene 	3.0
popSize 	10
maxEvaluations 	100
mutateRate 	0.05
mutateChange 	0.05
seed 	1523821210295
random 	java.util.Random@24808bce
neuralNetworkClass 	class coursework.ExampleEvolutionaryAlgorithm
Training Set Test
Fitness 0.414555390338368