0.34251820286871304,-2.2641851720611355,-2.2310911914897056,-0.7841644448485405,-1.6283933260008545,-1.9847041285340852,-0.7933368029153844,-2.5168440301631376,0.9476817061027336,2.074212681016233,-1.7625297588782622,2.0125726358069302,0.0031507247168987007,2.7697445792321647,-2.953902145937367,-2.6172214723790947,-2.7839988129554234,0.2708810502468961,0.5400936595899901,1.882938719124457,-1.6680788841298777,2.9354751659888345,-0.17957833210307017,-2.413371486189637,1.3347688580515698,2.9863617059568064,-0.13759437446512218,-1.060325244321988,2.9696754771293072,2.75518192755574,-2.7170585061644323,2.2569088598071767,-2.0366996535773763,1.3371632342802018,-2.5460711911710243,1.3911962761095342,-1.2365086457560697,2.9122136129152496,0.9433529583336908,0.3439698146479264,-0.5141600283395427,0.7372981019450437,-0.4255623963477344,1.5298526982751914,0.20735074180932483,0.6521762051814148,2.0897672193765695,0.7388139609438109
numHidden 	5
numGenes 	48
minGene 	-3.0
maxGene 	3.0
popSize 	10
maxEvaluations 	100
mutateRate 	0.05
mutateChange 	0.05
seed 	1523821210295
random 	java.util.Random@24808bce
neuralNetworkClass 	class coursework.ExampleEvolutionaryAlgorithm
Training Set Test
Fitness 0.34094413708355625