-2.74181872646756,-1.530652760521191,2.000076953283526,-0.2808286024040029,-1.7094067912414368,-1.9025763426243056,0.5732514816578167,1.169841068368303,0.06135388740289516,-1.3522463841729588,1.2121894533925222,1.6176269864720956,-0.7418086685046446,1.4564189221204478,2.9960927558879336,-0.9228238129031767,-2.771993364469325,2.362961137942479,-1.8364327469031927,-1.1060576860013978,2.4184979153639787,2.2628593084992916,-1.0603725616649249,-2.562634904999104,0.7756384255831164,-1.5379743884822872,-0.8583785315645169,-2.9852129732686237,2.707495102422177,1.378082406036654,1.7079589297133033,1.8077077886179698,2.626045212443671,1.8562311128201134,2.113449838166712,-2.6762294932757413,-2.6826802338610003,-1.9219306481864642,0.7424809033094566,2.4871750791890053,0.4663774500334837,0.23976101597571303,-2.0138200091227763,1.907006263592537,-2.822720565549092,-0.8384913364042559,1.1121406496768689,0.567264295165189
numHidden 	5
numGenes 	48
minGene 	-3.0
maxGene 	3.0
popSize 	10
maxEvaluations 	100
mutateRate 	0.05
mutateChange 	0.05
seed 	1523821210295
random 	java.util.Random@24808bce
neuralNetworkClass 	class coursework.ExampleEvolutionaryAlgorithm
Training Set Training
Fitness 0.28841213418947625