2.383473481143943,-0.694290980117318,-1.5637751107630184,2.652241981931983,2.313473302661703,-2.6657698932978438,1.5530114761506189,-1.5100811225336672,2.548639025302621,2.223530800142006,-0.8104331110001739,-1.332299235677717,-2.7252019116162716,1.0169289631701712,-2.3931199881062426,-1.5245648761024861,0.4568291361921011,1.9831834694364803,2.8848193434749447,-1.5850757191170288,2.18915449278317,-1.1027651204188298,2.230005110122912,0.41695733027886916,-0.6863534625400614,0.08512774904488003,-0.5220469524505829,1.5465237580687674,-0.8916830831468916,1.329077911111864,1.8739731878153114,1.4389525219160548,-2.700752516657002,-0.8596122528061163,1.4309253149910681,2.2714724890125906,1.0698065817392939,0.7530592209415345,-2.0018027721549645,-0.04635311837039602,-1.2678498755000296,2.156561259596957,0.553749748431148,-2.046413021915202,0.08742949788771118,2.8134756175191473,2.1544072174302835,1.4742034843619596
numHidden 	5
numGenes 	48
minGene 	-3.0
maxGene 	3.0
popSize 	200
maxEvaluations 	20000
mutateRate 	0.02
mutateChange 	0.05
seed 	1523856506128
random 	java.util.Random@7eda2dbb
neuralNetworkClass 	class coursework.ExampleEvolutionaryAlgorithm
Training Set Training
Fitness 0.10283023898792316