-1.647275088603541,3.2806640976132226,1.6747429982448905,0.7410515940295991,-1.2996697301638518,2.764786207425163,1.638574698076798,0.8888397286267883,2.824088014795445,0.4099635879168412,0.3377647560584984,-0.11241263992037542,-0.5827441161127952,-2.15120239488012,3.023539756696463,2.0007026937608905,3.637057448825388,-0.8272770286366649,0.5172478227812567,0.5389640620556092,-2.53249949399199,-2.230665369493847,-0.018960637189145424,-1.560500237604706,1.6146045113827832,0.14522518216912172,1.4577026328864853,2.655515485724071,2.283192745791616,-1.9997628338559925,-1.0133053543916184,-3.045653813033179,2.288677613965534,2.679469174263772,0.2728328654579576,0.9530039385585188,0.33099541627124696,1.458665296269523,-1.3039899041819467,2.851241773137111,1.4314399473021018,1.995926595160327,-0.5684260865907862,1.2509339835402913,1.7540685535631826,1.5527991876148755,2.5876974902332237,-0.07313959047461438
numHidden 	5
numGenes 	48
minGene 	-3.0
maxGene 	3.0
popSize 	100
maxEvaluations 	20000
mutateRate 	0.12
mutateChange 	0.35
seed 	1523900150626
random 	java.util.Random@7eda2dbb
neuralNetworkClass 	class coursework.ExampleEvolutionaryAlgorithm
Training Set Training
Fitness 0.12352244835024981