2.236019177316269,-2.6827511321471933,1.1883020585648978,2.4424028346066926,-2.893558773496972,0.6274340198602708,0.1686171428844827,-1.0476374005661937,-1.4694753928917217,-1.4396130319465088,2.3990501289976383,-1.1254644423684887,1.8262205132865068,-1.841861457825176,-1.2473070644026307,0.1716304075812487,-2.1149329689625462,-2.6288851967937594,2.188715730646977,-0.42075595435709445,-2.0230105468026016,2.447194505693953,-0.48077099768370335,-0.820648050781386,2.902072121474089,-1.2950781577582293,2.9387789502177144,-0.39652326309245467,1.5960067012173225,1.6361610811670229,1.5998148535013996,-1.707867011859262,2.0074241310940035,2.640988736723245,-1.7866236059719687,-2.3909421599141707,0.5430083457415993,0.5925019279254466,-2.430849481315021,2.504243878599654,-0.40530576669614343,-0.36741287800766775,0.6300329982385247,-1.2211001384617741,0.32079378136834036,2.6590268985182304,2.3595701568154794,2.984442652765134
numHidden 	5
numGenes 	48
minGene 	-3.0
maxGene 	3.0
popSize 	10
maxEvaluations 	2000
mutateRate 	0.02
mutateChange 	0.05
seed 	1523856104766
random 	java.util.Random@e20ac38
neuralNetworkClass 	class coursework.ExampleEvolutionaryAlgorithm
Training Set Training
Fitness 0.14340764759907162